0	54	-7.519487568977795e-6
1	662	-1.3835507108856048e-6
2	151	-5.377032963503675e-6
2	571	2.2493143648769387e-7
0	195	-7.519487568977795e-6
0	585	0.00011233744966041709
0	166	-5.377032963503675e-6
1	766	-7.519487568977795e-6
0	736	3.4556384591630754e-7
0	230	-2.5029712209527103e-5
1	176	-6.694744276675083e-7
2	635	6.681103263563136e-7
0	100	-1.5965362611320393e-6
1	155	0.0011311076539869387
1	329	-2.2493143648769387e-7
2	765	5.377032963503675e-6
0	752	-3.4556384591630754e-7
2	208	6.694744276675083e-7
1	340	-7.519487568977795e-6
0	343	-6.694744276675083e-7
0	336	1.651472852564031e-6
1	378	6.694744276675083e-7
1	363	-3.4556384591630754e-7
2	71	2.66759039365757e-7
0	196	1.3397704933132321e-5
0	105	-2.1466447023503994e-6
0	233	-5.377032963503675e-6
0	197	5.377032963503675e-6
0	339	-7.519487568977795e-6
1	407	3.4556384591630754e-7
1	47	1.3397704933132321e-5
2	550	-3.4556384591630754e-7
0	757	1.3835507108856048e-6
2	474	-3.4556384591630754e-7
1	760	-7.519487568977795e-6
1	10	-0.0010370070349452424
0	666	-7.519487568977795e-6
0	720	1.651472852564031e-6
0	671	6.694744276675083e-7
1	337	2.6992218610673877e-5
0	574	6.694744276675083e-7
0	580	1.3397704933132321e-5
0	228	2.6992218610673877e-5
0	597	1.4221749937906432e-5
2	634	-1.5965362611320393e-6
0	68	-3.4556384591630754e-7
0	608	1.5965362611320393e-6
1	643	5.034283975703359e-7
2	174	3.4556384591630754e-7
0	592	-3.4556384591630754e-7
2	726	-1.3397704933132321e-5
0	23	5.377032963503675e-6
1	440	-2.2493143648769387e-7
0	669	5.034283975703359e-7
1	406	2.66759039365757e-7
1	21	5.377032963503675e-6
0	430	-6.694744276675083e-7
2	376	-5.377032963503675e-6
1	379	5.034283975703359e-7
1	85	2.6992218610673877e-5
2	620	-0.0010370070349452424
2	603	2.2493143648769387e-7
2	636	-1.3835507108856048e-6
0	357	5.034283975703359e-7
0	712	-3.4556384591630754e-7
2	349	-1.3835507108856048e-6
1	599	-1.3397704933132321e-5
0	733	-1.3835507108856048e-6
2	281	5.034283975703359e-7
0	207	4.2973002978090024e-7
1	106	3.0170065778525748e-6
1	231	-1.3397704933132321e-5
1	52	3.0170065778525748e-6
0	622	-5.377032963503675e-6
0	584	0.0011311076539869387
0	16	1.5965362611320393e-6
0	392	-1.5965362611320393e-6
0	738	4.2973002978090024e-7
2	18	1.5965362611320393e-6
1	573	6.694744276675083e-7
0	157	-2.5029712209527103e-5
0	190	5.377032963503675e-6
2	348	1.3835507108856048e-6
0	582	-0.0010370070349452424
2	93	-6.694744276675083e-7
0	735	4.2973002978090024e-7
2	759	5.377032963503675e-6
1	572	2.2493143648769387e-7
1	604	2.66759039365757e-7
1	90	-5.377032963503675e-6
2	162	-3.4556384591630754e-7
1	717	2.2493143648769387e-7
2	711	6.694744276675083e-7
2	118	3.4556384591630754e-7
0	236	-1.5965362611320393e-6
1	252	1.3835507108856048e-6
2	372	-1.3835507108856048e-6
1	579	1.3397704933132321e-5
2	395	3.0170065778525748e-6
1	728	5.377032963503675e-6
0	751	2.2493143648769387e-7
1	186	5.377032963503675e-6
1	243	-3.4556384591630754e-7
2	92	-7.519487568977795e-6
0	645	5.034283975703359e-7
1	764	5.377032963503675e-6
1	78	-2.2493143648769387e-7
0	534	2.66759039365757e-7
2	587	-0.0010370070349452424
1	750	2.2493143648769387e-7
1	549	-6.694744276675083e-7
0	293	6.694744276675083e-7
2	189	-5.377032963503675e-6
1	377	-5.377032963503675e-6
1	723	-1.3397704933132321e-5
2	158	1.651472852564031e-6
0	662	1.3835507108856048e-6
1	475	5.034283975703359e-7
1	619	0.00011233744966041709
2	351	2.2493143648769387e-7
0	766	5.377032963503675e-6
0	176	3.4556384591630754e-7
0	329	-6.694744276675083e-7
1	277	5.959941339509106e-7
1	284	2.2493143648769387e-7
0	340	-1.3397704933132321e-5
2	721	2.5029712209527103e-5
2	338	2.6992218610673877e-5
2	20	6.681103263563136e-7
0	378	2.66759039365757e-7
0	363	4.2973002978090024e-7
1	667	1.4221749937906432e-5
1	143	3.4556384591630754e-7
2	762	1.3397704933132321e-5
2	625	-2.5029712209527103e-5
2	675	-6.694744276675083e-7
2	740	2.66759039365757e-7
2	2	0.007476310200001585
2	654	-3.4556384591630754e-7
2	342	-3.4556384591630754e-7
0	407	-2.2493143648769387e-7
0	47	-5.377032963503675e-6
1	244	4.2973002978090024e-7
1	51	1.5965362611320393e-6
0	760	1.3397704933132321e-5
2	382	3.4556384591630754e-7
1	767	1.3397704933132321e-5
1	80	6.694744276675083e-7
2	660	1.3835507108856048e-6
2	163	-6.694744276675083e-7
0	643	2.2493143648769387e-7
0	192	-2.359645634478287e-6
2	616	-5.377032963503675e-6
1	151	1.4221749937906432e-5
1	571	5.034283975703359e-7
2	375	-5.377032963503675e-6
0	440	3.4556384591630754e-7
2	347	3.0170065778525748e-6
1	635	-1.5965362611320393e-6
0	406	6.694744276675083e-7
2	428	3.0170065778525748e-6
0	21	1.4221749937906432e-5
1	765	5.377032963503675e-6
1	208	2.66759039365757e-7
0	379	6.694744276675083e-7
2	670	3.4556384591630754e-7
0	85	-2.5029712209527103e-5
0	624	1.651472852564031e-6
1	71	-3.4556384591630754e-7
2	245	5.034283975703359e-7
0	599	-5.377032963503675e-6
1	550	2.66759039365757e-7
0	231	-7.519487568977795e-6
0	52	1.5965362611320393e-6
1	474	-6.694744276675083e-7
2	575	4.2973002978090024e-7
0	573	5.034283975703359e-7
0	345	-2.1466447023503994e-6
1	634	3.0170065778525748e-6
1	61	2.6992218610673877e-5
2	206	2.6992218610673877e-5
1	174	2.2493143648769387e-7
2	763	5.377032963503675e-6
2	722	2.6992218610673877e-5
0	572	-3.4556384591630754e-7
0	588	2.6992218610673877e-5
1	726	-5.377032963503675e-6
2	743	-7.519487568977795e-6
2	394	-1.5965362611320393e-6
2	154	0.0011311076539869387
0	604	3.4556384591630754e-7
1	376	-7.519487568977795e-6
0	90	-7.519487568977795e-6
0	717	5.034283975703359e-7
2	253	1.3835507108856048e-6
1	603	3.4556384591630754e-7
1	636	1.3835507108856048e-6
2	438	3.4556384591630754e-7
1	349	5.959941339509106e-7
0	252	5.959941339509106e-7
0	579	-7.519487568977795e-6
0	728	-1.3397704933132321e-5
0	186	-7.519487568977795e-6
0	243	2.66759039365757e-7
1	281	2.2493143648769387e-7
0	764	1.3397704933132321e-5
0	78	4.2973002978090024e-7
0	750	4.2973002978090024e-7
2	152	-7.519487568977795e-6
1	37	-2.359645634478287e-6
0	549	5.034283975703359e-7
2	621	5.377032963503675e-6
0	377	-5.377032963503675e-6
1	348	-1.3835507108856048e-6
0	723	-7.519487568977795e-6
2	46	1.3397704933132321e-5
1	93	-2.2493143648769387e-7
0	475	-6.694744276675083e-7
2	535	2.2493143648769387e-7
0	57	-2.1466447023503994e-6
1	759	1.3397704933132321e-5
2	732	-1.3835507108856048e-6
0	277	-1.3835507108856048e-6
0	284	3.4556384591630754e-7
1	88	3.0170065778525748e-6
1	162	-2.2493143648769387e-7
2	150	1.3397704933132321e-5
1	711	-3.4556384591630754e-7
1	118	4.2973002978090024e-7
2	661	-1.3835507108856048e-6
0	667	-5.377032963503675e-6
2	739	6.694744276675083e-7
1	372	1.3835507108856048e-6
1	395	-1.5965362611320393e-6
0	143	-6.694744276675083e-7
2	191	-7.519487568977795e-6
1	92	5.377032963503675e-6
0	244	-3.4556384591630754e-7
2	214	-3.4556384591630754e-7
2	89	-2.1466447023503994e-6
0	51	6.681103263563136e-7
2	79	6.694744276675083e-7
2	279	-6.694744276675083e-7
2	239	4.2973002978090024e-7
0	767	5.377032963503675e-6
1	587	0.0011311076539869387
2	426	1.5965362611320393e-6
0	80	3.4556384591630754e-7
1	189	5.377032963503675e-6
0	198	6.681103263563136e-7
2	358	3.4556384591630754e-7
2	17	-2.1466447023503994e-6
0	151	-5.377032963503675e-6
0	571	6.694744276675083e-7
1	351	3.4556384591630754e-7
2	59	6.681103263563136e-7
1	3	-0.0011311076539869387
0	765	1.4221749937906432e-5
0	208	-3.4556384591630754e-7
1	721	2.6992218610673877e-5
1	338	-2.5029712209527103e-5
2	32	6.681103263563136e-7
0	71	6.694744276675083e-7
1	762	5.377032963503675e-6
1	625	2.6992218610673877e-5
1	675	3.4556384591630754e-7
1	27	-1.5965362611320393e-6
1	740	6.694744276675083e-7
1	654	-2.2493143648769387e-7
1	342	-6.694744276675083e-7
2	741	-5.377032963503675e-6
0	550	-6.694744276675083e-7
2	380	4.2973002978090024e-7
2	390	-1.5965362611320393e-6
0	474	2.66759039365757e-7
2	637	-1.3835507108856048e-6
2	730	-0.0011311076539869387
1	382	2.66759039365757e-7
1	145	6.37773073036994e-5
2	676	2.2493143648769387e-7
2	628	-2.2493143648769387e-7
2	749	5.034283975703359e-7
1	660	-1.3835507108856048e-6
2	146	-2.359645634478287e-6
1	163	5.034283975703359e-7
0	61	2.5029712209527103e-5
1	229	1.651472852564031e-6
1	616	-7.519487568977795e-6
0	174	4.2973002978090024e-7
2	694	-3.4556384591630754e-7
2	551	4.2973002978090024e-7
0	12	6.37773073036994e-5
1	375	1.3397704933132321e-5
0	726	-7.519487568977795e-6
1	347	-1.5965362611320393e-6
2	242	2.6992218610673877e-5
1	595	-2.1466447023503994e-6
1	171	1.5965362611320393e-6
0	376	1.3397704933132321e-5
1	670	4.2973002978090024e-7
2	638	5.959941339509106e-7
2	761	1.4221749937906432e-5
0	620	-0.0011311076539869387
0	603	4.2973002978090024e-7
0	636	5.959941339509106e-7
0	349	-1.3835507108856048e-6
2	365	5.034283975703359e-7
1	245	2.2493143648769387e-7
0	281	-6.694744276675083e-7
1	40	-0.0010370070349452424
2	185	0.00011233744966041709
1	575	-3.4556384591630754e-7
2	232	5.377032963503675e-6
0	18	3.0170065778525748e-6
1	180	2.5029712209527103e-5
2	292	-2.2493143648769387e-7
0	348	5.959941339509106e-7
2	353	5.034283975703359e-7
0	93	5.034283975703359e-7
2	203	3.0170065778525748e-6
0	759	-7.519487568977795e-6
1	722	2.5029712209527103e-5
1	743	1.3397704933132321e-5
1	763	1.4221749937906432e-5
1	394	6.681103263563136e-7
2	719	2.66759039365757e-7
1	154	-0.0010370070349452424
0	537	-2.1466447023503994e-6
0	88	-1.5965362611320393e-6
0	162	4.2973002978090024e-7
0	711	2.66759039365757e-7
0	118	-2.2493143648769387e-7
1	253	5.959941339509106e-7
1	438	6.694744276675083e-7
0	372	5.959941339509106e-7
0	92	-1.3397704933132321e-5
2	647	2.66759039365757e-7
1	152	-5.377032963503675e-6
2	149	0.00011233744966041709
2	213	2.2493143648769387e-7
0	189	1.4221749937906432e-5
1	621	-5.377032963503675e-6
2	187	-5.377032963503675e-6
0	9	0.00011233744966041709
2	713	5.034283975703359e-7
1	46	-7.519487568977795e-6
1	535	5.034283975703359e-7
0	351	4.2973002978090024e-7
2	758	5.959941339509106e-7
2	200	3.0170065778525748e-6
1	732	-1.3835507108856048e-6
2	352	-6.694744276675083e-7
0	3	-0.0010370070349452424
1	199	-2.1466447023503994e-6
2	175	-6.694744276675083e-7
0	20	1.5965362611320393e-6
1	150	-5.377032963503675e-6
2	221	5.034283975703359e-7
1	661	5.959941339509106e-7
1	739	5.034283975703359e-7
0	762	-7.519487568977795e-6
0	675	2.66759039365757e-7
1	191	-1.3397704933132321e-5
0	27	3.0170065778525748e-6
0	740	3.4556384591630754e-7
0	654	4.2973002978090024e-7
0	342	2.66759039365757e-7
2	117	6.694744276675083e-7
1	214	2.66759039365757e-7
1	577	-2.359645634478287e-6
1	79	5.034283975703359e-7
1	279	3.4556384591630754e-7
1	239	-3.4556384591630754e-7
0	382	6.694744276675083e-7
2	38	-2.359645634478287e-6
2	119	2.66759039365757e-7
2	70	-3.4556384591630754e-7
2	350	5.959941339509106e-7
1	358	2.66759039365757e-7
0	660	5.959941339509106e-7
0	163	-2.2493143648769387e-7
2	55	5.377032963503675e-6
0	616	-1.3397704933132321e-5
2	11	-0.0010370070349452424
2	69	6.694744276675083e-7
0	375	-7.519487568977795e-6
1	59	1.5965362611320393e-6
2	283	2.2493143648769387e-7
2	94	-3.4556384591630754e-7
0	428	1.5965362611320393e-6
0	171	3.0170065778525748e-6
1	172	6.681103263563136e-7
0	670	-2.2493143648769387e-7
2	328	-2.2493143648769387e-7
1	193	-2.359645634478287e-6
2	630	-1.3397704933132321e-5
0	245	6.694744276675083e-7
2	291	6.694744276675083e-7
0	40	0.0011311076539869387
1	741	-5.377032963503675e-6
1	380	-2.2493143648769387e-7
2	359	4.2973002978090024e-7
0	575	2.2493143648769387e-7
1	637	5.959941339509106e-7
1	730	-0.0010370070349452424
1	676	4.2973002978090024e-7
1	628	4.2973002978090024e-7
2	629	5.034283975703359e-7
0	180	2.6992218610673877e-5
2	605	5.034283975703359e-7
1	749	6.694744276675083e-7
2	22	1.3397704933132321e-5
2	42	0.0011311076539869387
0	206	2.5029712209527103e-5
2	167	-7.519487568977795e-6
1	694	4.2973002978090024e-7
1	551	-3.4556384591630754e-7
0	763	5.377032963503675e-6
0	743	-5.377032963503675e-6
1	183	-0.0011311076539869387
1	242	2.5029712209527103e-5
2	164	2.66759039365757e-7
2	182	1.651472852564031e-6
2	614	2.6992218610673877e-5
1	638	-1.3835507108856048e-6
1	761	5.377032963503675e-6
2	234	-1.5965362611320393e-6
0	253	1.3835507108856048e-6
2	238	-3.4556384591630754e-7
0	438	2.66759039365757e-7
1	365	-6.694744276675083e-7
2	30	-1.5965362611320393e-6
2	724	5.377032963503675e-6
1	147	0.0011311076539869387
2	204	2.5029712209527103e-5
2	107	6.681103263563136e-7
0	152	1.3397704933132321e-5
2	188	-7.519487568977795e-6
1	232	-7.519487568977795e-6
0	621	1.4221749937906432e-5
1	292	4.2973002978090024e-7
1	353	-6.694744276675083e-7
2	173	-2.1466447023503994e-6
2	655	-6.694744276675083e-7
0	46	-5.377032963503675e-6
0	535	-6.694744276675083e-7
2	644	2.66759039365757e-7
1	203	1.5965362611320393e-6
1	84	-2.5029712209527103e-5
0	732	5.959941339509106e-7
1	719	-3.4556384591630754e-7
2	618	-0.0011311076539869387
2	246	-3.4556384591630754e-7
0	48	-2.359645634478287e-6
2	91	5.377032963503675e-6
2	278	5.959941339509106e-7
2	141	-6.694744276675083e-7
0	150	-7.519487568977795e-6
2	374	5.959941339509106e-7
2	742	1.3397704933132321e-5
0	661	-1.3835507108856048e-6
0	739	-2.2493143648769387e-7
2	756	1.3835507108856048e-6
2	656	2.66759039365757e-7
1	28	6.681103263563136e-7
0	191	-5.377032963503675e-6
0	214	6.694744276675083e-7
0	79	-2.2493143648769387e-7
0	279	2.66759039365757e-7
0	239	-2.2493143648769387e-7
0	426	6.681103263563136e-7
1	647	3.4556384591630754e-7
1	213	6.694744276675083e-7
1	187	1.4221749937906432e-5
2	280	2.2493143648769387e-7
0	358	-6.694744276675083e-7
1	713	2.2493143648769387e-7
0	681	-2.1466447023503994e-6
2	598	-1.3397704933132321e-5
2	66	-3.4556384591630754e-7
2	101	-2.1466447023503994e-6
1	613	1.651472852564031e-6
2	627	-6.694744276675083e-7
1	758	1.3835507108856048e-6
1	352	2.66759039365757e-7
1	175	5.034283975703359e-7
0	172	1.5965362611320393e-6
0	32	-1.5965362611320393e-6
2	586	0.0011311076539869387
2	695	2.66759039365757e-7
1	221	6.694744276675083e-7
2	683	6.681103263563136e-7
2	718	-3.4556384591630754e-7
2	29	-2.1466447023503994e-6
1	117	-2.2493143648769387e-7
1	136	3.0170065778525748e-6
0	741	1.4221749937906432e-5
0	380	3.4556384591630754e-7
0	390	6.681103263563136e-7
0	637	1.3835507108856048e-6
0	676	3.4556384591630754e-7
0	628	-3.4556384591630754e-7
2	44	-0.0010370070349452424
1	119	3.4556384591630754e-7
0	633	-2.1466447023503994e-6
1	70	4.2973002978090024e-7
1	350	-1.3835507108856048e-6
0	749	2.2493143648769387e-7
1	55	1.4221749937906432e-5
0	694	-2.2493143648769387e-7
0	551	-2.2493143648769387e-7
1	11	-0.0011311076539869387
1	69	2.2493143648769387e-7
2	364	-6.694744276675083e-7
2	431	4.2973002978090024e-7
0	183	-0.0010370070349452424
1	283	5.034283975703359e-7
2	593	5.034283975703359e-7
2	341	1.4221749937906432e-5
1	94	4.2973002978090024e-7
2	665	5.034283975703359e-7
2	612	2.5029712209527103e-5
0	638	-1.3835507108856048e-6
0	761	5.377032963503675e-6
1	328	4.2973002978090024e-7
0	365	-2.2493143648769387e-7
1	630	5.377032963503675e-6
2	476	4.2973002978090024e-7
2	8	-0.0010370070349452424
1	291	3.4556384591630754e-7
0	147	-0.0010370070349452424
0	240	1.651472852564031e-6
2	215	4.2973002978090024e-7
1	4	-0.0010370070349452424
2	67	6.694744276675083e-7
1	359	3.4556384591630754e-7
0	232	-1.3397704933132321e-5
2	95	2.66759039365757e-7
1	391	-2.1466447023503994e-6
1	629	-2.2493143648769387e-7
2	734	5.959941339509106e-7
2	209	5.034283975703359e-7
0	292	3.4556384591630754e-7
0	353	2.2493143648769387e-7
2	727	5.377032963503675e-6
1	605	-6.694744276675083e-7
2	220	6.694744276675083e-7
1	22	-7.519487568977795e-6
1	167	-1.3397704933132321e-5
2	429	2.2493143648769387e-7
0	84	2.6992218610673877e-5
2	56	-7.519487568977795e-6
2	383	4.2973002978090024e-7
2	623	-7.519487568977795e-6
0	719	6.694744276675083e-7
1	164	-6.694744276675083e-7
2	642	3.4556384591630754e-7
2	161	-2.1466447023503994e-6
2	725	1.4221749937906432e-5
2	590	2.6992218610673877e-5
1	238	2.66759039365757e-7
2	344	4.2973002978090024e-7
2	346	-1.5965362611320393e-6
0	28	-1.5965362611320393e-6
1	724	-7.519487568977795e-6
2	594	-1.5965362611320393e-6
1	235	-2.1466447023503994e-6
2	737	5.034283975703359e-7
2	626	2.6992218610673877e-5
2	536	4.2973002978090024e-7
0	647	-6.694744276675083e-7
1	107	-1.5965362611320393e-6
2	617	1.4221749937906432e-5
1	188	-5.377032963503675e-6
0	0	0.007476310200001585
0	213	5.034283975703359e-7
0	187	5.377032963503675e-6
0	713	6.694744276675083e-7
1	655	5.034283975703359e-7
1	644	-6.694744276675083e-7
2	53	-2.1466447023503994e-6
2	373	-1.3835507108856048e-6
0	758	1.3835507108856048e-6
0	200	1.5965362611320393e-6
1	135	1.5965362611320393e-6
0	352	3.4556384591630754e-7
1	246	6.694744276675083e-7
0	175	2.2493143648769387e-7
0	144	-2.359645634478287e-6
1	91	1.4221749937906432e-5
1	278	1.3835507108856048e-6
1	141	2.2493143648769387e-7
2	439	-2.2493143648769387e-7
2	282	3.4556384591630754e-7
2	747	2.2493143648769387e-7
1	374	-1.3835507108856048e-6
1	742	-7.519487568977795e-6
0	221	-2.2493143648769387e-7
2	748	6.694744276675083e-7
2	570	-3.4556384591630754e-7
2	45	-5.377032963503675e-6
1	756	1.3835507108856048e-6
1	656	-6.694744276675083e-7
2	731	-0.0010370070349452424
0	117	5.034283975703359e-7
0	136	1.5965362611320393e-6
2	581	1.4221749937906432e-5
2	646	3.4556384591630754e-7
2	539	3.0170065778525748e-6
2	5	0.00011233744966041709
0	119	6.694744276675083e-7
2	631	-5.377032963503675e-6
0	70	2.2493143648769387e-7
2	142	3.4556384591630754e-7
1	280	4.2973002978090024e-7
0	350	1.3835507108856048e-6
2	632	-7.519487568977795e-6
2	165	5.377032963503675e-6
0	55	5.377032963503675e-6
1	598	-7.519487568977795e-6
2	254	5.959941339509106e-7
1	66	2.2493143648769387e-7
0	69	5.034283975703359e-7
1	627	-3.4556384591630754e-7
0	283	-6.694744276675083e-7
0	94	-2.2493143648769387e-7
2	664	-2.2493143648769387e-7
2	693	-6.694744276675083e-7
2	677	5.034283975703359e-7
1	586	-0.0010370070349452424
1	695	-3.4556384591630754e-7
1	159	-1.5965362611320393e-6
0	328	-3.4556384591630754e-7
2	591	-2.2493143648769387e-7
0	630	-7.519487568977795e-6
1	607	-2.1466447023503994e-6
0	291	2.66759039365757e-7
1	683	1.5965362611320393e-6
2	405	-2.2493143648769387e-7
1	718	4.2973002978090024e-7
2	237	-2.2493143648769387e-7
2	202	1.5965362611320393e-6
0	4	-0.0011311076539869387
0	359	2.2493143648769387e-7
2	248	4.2973002978090024e-7
1	31	-2.1466447023503994e-6
2	137	-2.1466447023503994e-6
0	629	-6.694744276675083e-7
0	605	2.2493143648769387e-7
1	583	0.00011233744966041709
0	22	5.377032963503675e-6
1	19	-2.1466447023503994e-6
0	42	-0.0010370070349452424
0	167	5.377032963503675e-6
1	364	2.66759039365757e-7
1	431	3.4556384591630754e-7
2	663	6.694744276675083e-7
2	219	-2.2493143648769387e-7
1	593	-6.694744276675083e-7
2	6	-0.0011311076539869387
0	164	-3.4556384591630754e-7
1	341	-5.377032963503675e-6
1	665	-2.2493143648769387e-7
1	99	-1.5965362611320393e-6
0	614	2.5029712209527103e-5
0	234	6.681103263563136e-7
0	238	-6.694744276675083e-7
2	247	2.2493143648769387e-7
2	381	-2.2493143648769387e-7
1	476	-2.2493143648769387e-7
0	30	3.0170065778525748e-6
0	724	-1.3397704933132321e-5
2	276	-1.3835507108856048e-6
2	538	1.5965362611320393e-6
0	204	2.6992218610673877e-5
2	596	6.681103263563136e-7
2	615	5.377032963503675e-6
1	215	-3.4556384591630754e-7
1	67	5.034283975703359e-7
0	188	-1.3397704933132321e-5
1	7	0.00011233744966041709
2	58	1.5965362611320393e-6
1	95	-3.4556384591630754e-7
1	734	1.3835507108856048e-6
1	209	6.694744276675083e-7
2	578	6.37773073036994e-5
1	727	1.4221749937906432e-5
0	655	-2.2493143648769387e-7
1	220	2.66759039365757e-7
1	60	2.5029712209527103e-5
2	682	1.5965362611320393e-6
0	644	3.4556384591630754e-7
1	429	-6.694744276675083e-7
2	62	1.651472852564031e-6
2	327	-6.694744276675083e-7
2	668	-7.519487568977795e-6
1	56	5.377032963503675e-6
2	606	1.5965362611320393e-6
1	383	3.4556384591630754e-7
0	135	6.681103263563136e-7
1	623	-1.3397704933132321e-5
0	618	-0.0010370070349452424
0	246	2.66759039365757e-7
1	642	2.2493143648769387e-7
2	54	1.3397704933132321e-5
1	148	-0.0010370070349452424
0	91	-5.377032963503675e-6
2	195	5.377032963503675e-6
2	166	-1.3397704933132321e-5
0	278	-1.3835507108856048e-6
0	141	5.034283975703359e-7
1	725	5.377032963503675e-6
2	736	6.694744276675083e-7
2	230	2.6992218610673877e-5
0	374	-1.3835507108856048e-6
0	742	-5.377032963503675e-6
0	756	5.959941339509106e-7
0	656	-3.4556384591630754e-7
2	752	2.66759039365757e-7
1	344	-2.2493143648769387e-7
1	346	6.681103263563136e-7
2	343	-2.2493143648769387e-7
0	729	0.00011233744966041709
1	181	2.6992218610673877e-5
2	196	5.377032963503675e-6
2	233	1.4221749937906432e-5
1	737	6.694744276675083e-7
1	626	-2.5029712209527103e-5
1	536	2.2493143648769387e-7
1	617	-5.377032963503675e-6
2	197	1.4221749937906432e-5
2	339	5.377032963503675e-6
0	280	3.4556384591630754e-7
0	598	5.377032963503675e-6
2	757	1.3835507108856048e-6
0	66	4.2973002978090024e-7
2	666	1.3397704933132321e-5
2	671	2.66759039365757e-7
1	373	5.959941339509106e-7
2	574	-3.4556384591630754e-7
0	627	2.66759039365757e-7
2	580	-5.377032963503675e-6
2	228	-2.5029712209527103e-5
2	597	-5.377032963503675e-6
2	68	2.66759039365757e-7
2	608	6.681103263563136e-7
2	592	-6.694744276675083e-7
2	41	0.00011233744966041709
1	439	5.034283975703359e-7
0	695	-6.694744276675083e-7
0	159	3.0170065778525748e-6
1	282	-6.694744276675083e-7
1	747	-3.4556384591630754e-7
2	23	-7.519487568977795e-6
1	156	-2.5029712209527103e-5
2	669	6.694744276675083e-7
0	576	-2.359645634478287e-6
1	748	2.66759039365757e-7
1	570	6.694744276675083e-7
1	45	-5.377032963503675e-6
2	430	3.4556384591630754e-7
0	718	2.2493143648769387e-7
1	731	-0.0011311076539869387
1	39	0.0011311076539869387
2	357	2.2493143648769387e-7
2	712	2.2493143648769387e-7
1	646	4.2973002978090024e-7
1	581	-5.377032963503675e-6
2	733	1.3835507108856048e-6
1	539	1.5965362611320393e-6
0	44	0.0011311076539869387
2	207	2.2493143648769387e-7
1	43	0.00011233744966041709
1	631	1.4221749937906432e-5
1	142	4.2973002978090024e-7
2	86	1.651472852564031e-6
1	632	-5.377032963503675e-6
1	165	-5.377032963503675e-6
2	622	-1.3397704933132321e-5
2	14	-2.359645634478287e-6
1	254	1.3835507108856048e-6
2	584	-0.0010370070349452424
2	392	3.0170065778525748e-6
0	364	-3.4556384591630754e-7
0	431	2.2493143648769387e-7
2	738	3.4556384591630754e-7
2	582	0.0011311076539869387
2	190	-1.3397704933132321e-5
0	593	-2.2493143648769387e-7
0	341	5.377032963503675e-6
1	664	4.2973002978090024e-7
1	693	-2.2493143648769387e-7
0	665	6.694744276675083e-7
0	99	6.681103263563136e-7
1	677	2.2493143648769387e-7
0	201	-2.1466447023503994e-6
2	735	-2.2493143648769387e-7
0	612	2.6992218610673877e-5
1	49	6.37773073036994e-5
1	160	6.681103263563136e-7
1	591	-3.4556384591630754e-7
0	476	-3.4556384591630754e-7
0	8	-0.0011311076539869387
1	405	6.694744276675083e-7
1	13	-2.359645634478287e-6
2	236	3.0170065778525748e-6
1	237	-6.694744276675083e-7
0	215	2.2493143648769387e-7
1	427	-2.1466447023503994e-6
1	202	6.681103263563136e-7
0	67	2.2493143648769387e-7
1	589	1.651472852564031e-6
1	248	2.2493143648769387e-7
2	751	6.694744276675083e-7
2	241	2.5029712209527103e-5
1	87	-1.5965362611320393e-6
1	1	0.007476310200001585
0	95	-6.694744276675083e-7
2	645	-6.694744276675083e-7
0	734	-1.3835507108856048e-6
0	209	2.2493143648769387e-7
1	184	-0.0010370070349452424
0	727	-5.377032963503675e-6
0	220	3.4556384591630754e-7
0	60	2.6992218610673877e-5
2	534	3.4556384591630754e-7
0	429	5.034283975703359e-7
1	663	3.4556384591630754e-7
1	219	3.4556384591630754e-7
0	56	1.3397704933132321e-5
2	293	5.034283975703359e-7
0	383	-2.2493143648769387e-7
0	36	6.37773073036994e-5
0	623	5.377032963503675e-6
0	642	4.2973002978090024e-7
2	662	5.959941339509106e-7
0	148	0.0011311076539869387
0	725	-5.377032963503675e-6
2	766	1.3397704933132321e-5
0	590	-2.5029712209527103e-5
2	176	2.66759039365757e-7
2	155	-0.0010370070349452424
1	247	5.034283975703359e-7
2	329	5.034283975703359e-7
1	381	6.694744276675083e-7
2	340	-5.377032963503675e-6
0	344	-3.4556384591630754e-7
0	594	3.0170065778525748e-6
0	181	2.5029712209527103e-5
1	276	-1.3835507108856048e-6
1	538	6.681103263563136e-7
2	378	3.4556384591630754e-7
2	363	-2.2493143648769387e-7
1	615	-1.3397704933132321e-5
0	737	-2.2493143648769387e-7
0	536	3.4556384591630754e-7
0	617	5.377032963503675e-6
1	15	1.5965362611320393e-6
2	407	4.2973002978090024e-7
1	58	3.0170065778525748e-6
2	47	-7.519487568977795e-6
0	393	-2.1466447023503994e-6
2	760	5.377032963503675e-6
1	682	3.0170065778525748e-6
2	10	-0.0011311076539869387
2	337	-2.5029712209527103e-5
1	205	1.651472852564031e-6
1	327	-3.4556384591630754e-7
1	668	-5.377032963503675e-6
0	373	1.3835507108856048e-6
1	54	5.377032963503675e-6
2	643	-6.694744276675083e-7
1	195	1.3397704933132321e-5
1	166	-7.519487568977795e-6
0	439	6.694744276675083e-7
0	282	2.66759039365757e-7
1	736	2.66759039365757e-7
0	747	4.2973002978090024e-7
0	156	2.6992218610673877e-5
2	440	4.2973002978090024e-7
2	406	3.4556384591630754e-7
0	748	-3.4556384591630754e-7
0	570	2.66759039365757e-7
0	45	1.4221749937906432e-5
1	100	3.0170065778525748e-6
2	21	5.377032963503675e-6
1	752	6.694744276675083e-7
2	379	-2.2493143648769387e-7
1	343	5.034283975703359e-7
0	39	-0.0010370070349452424
0	646	2.2493143648769387e-7
0	581	-5.377032963503675e-6
1	196	-7.519487568977795e-6
1	233	5.377032963503675e-6
2	599	-7.519487568977795e-6
1	197	5.377032963503675e-6
1	339	-1.3397704933132321e-5
0	631	5.377032963503675e-6
2	106	-1.5965362611320393e-6
0	142	2.2493143648769387e-7
2	231	-5.377032963503675e-6
0	165	1.4221749937906432e-5
0	632	-1.3397704933132321e-5
1	757	5.959941339509106e-7
0	254	1.3835507108856048e-6
1	666	-5.377032963503675e-6
1	671	3.4556384591630754e-7
2	573	2.2493143648769387e-7
1	574	2.66759039365757e-7
1	580	-7.519487568977795e-6
0	664	3.4556384591630754e-7
0	693	5.034283975703359e-7
1	597	5.377032963503675e-6
1	68	6.694744276675083e-7
0	677	-6.694744276675083e-7
1	592	2.66759039365757e-7
2	572	4.2973002978090024e-7
2	588	-2.5029712209527103e-5
1	23	1.3397704933132321e-5
1	669	-2.2493143648769387e-7
0	160	-1.5965362611320393e-6
0	591	4.2973002978090024e-7
2	604	-6.694744276675083e-7
1	430	2.66759039365757e-7
0	405	5.034283975703359e-7
2	90	-1.3397704933132321e-5
2	717	6.694744276675083e-7
1	357	-6.694744276675083e-7
0	237	5.034283975703359e-7
1	712	4.2973002978090024e-7
2	194	6.37773073036994e-5
2	252	1.3835507108856048e-6
2	579	-5.377032963503675e-6
2	728	-7.519487568977795e-6
0	248	-3.4556384591630754e-7
2	186	-1.3397704933132321e-5
2	243	6.694744276675083e-7
2	50	-2.359645634478287e-6
0	87	6.681103263563136e-7
1	733	5.959941339509106e-7
1	207	-3.4556384591630754e-7
2	764	-7.519487568977795e-6
0	184	-0.0011311076539869387
2	78	3.4556384591630754e-7
0	153	0.00011233744966041709
1	622	-7.519487568977795e-6
2	750	-3.4556384591630754e-7
1	16	6.681103263563136e-7
2	549	-2.2493143648769387e-7
1	738	-2.2493143648769387e-7
0	663	2.66759039365757e-7
0	219	4.2973002978090024e-7
1	157	2.6992218610673877e-5
1	190	-7.519487568977795e-6
2	377	1.4221749937906432e-5
0	6	-0.0010370070349452424
2	723	-5.377032963503675e-6
2	475	-2.2493143648769387e-7
1	735	3.4556384591630754e-7
0	247	6.694744276675083e-7
0	381	5.034283975703359e-7
2	277	1.3835507108856048e-6
2	284	4.2973002978090024e-7
0	276	5.959941339509106e-7
0	596	-1.5965362611320393e-6
0	615	-7.519487568977795e-6
2	667	-5.377032963503675e-6
2	143	2.66759039365757e-7
1	751	5.034283975703359e-7
1	241	2.6992218610673877e-5
0	15	3.0170065778525748e-6
1	645	2.2493143648769387e-7
2	244	2.2493143648769387e-7
1	534	-6.694744276675083e-7
2	767	-7.519487568977795e-6
2	80	2.66759039365757e-7
0	327	2.66759039365757e-7
0	668	1.3397704933132321e-5
1	293	-2.2493143648769387e-7
0	606	3.0170065778525748e-6
2	198	1.5965362611320393e-6
