13	510	0.0
13	360	0.0
12	556	0.0
12	156	0.0
14	493	0.0
14	199	0.0
12	418	0.0
12	126	0.0
2	285	0.0
2	521	0.0
0	324	0.0
0	343	0.0
13	159	0.002357181530274173
12	581	0.0
2	71	0.0
0	196	0.0
12	5	0.059746808896285655
14	214	0.002357181530274173
14	89	0.0
14	577	0.0
1	47	0.0
1	362	0.0
1	261	0.0
14	271	0.0
2	269	0.0
0	580	-0.002357286506470051
13	431	0.0
1	643	0.0
13	386	0.0
13	287	0.0
12	591	0.005202303724119155
1	440	0.002357181530274173
13	99	0.0
12	13	-5.859690503003016e-5
0	403	0.0
2	620	0.0
2	603	0.0
0	357	0.0
2	349	0.0
12	87	0.0
14	315	0.0
14	523	0.0
2	417	0.0
14	566	0.0
12	318	0.0
0	622	0.0
14	628	0.0
12	560	0.0
0	584	0.0
14	177	0.0
1	516	0.0
2	18	0.0
1	573	0.0
2	304	0.0
2	348	0.0
13	401	0.0
13	60	0.0
1	345	0.0
14	242	0.0
12	385	0.0
2	260	0.0
0	115	0.0
1	572	0.0
1	604	0.0
13	531	0.0
13	481	0.0
2	537	0.0
12	276	0.0
1	90	0.0
12	615	0.0
1	194	0.0
13	346	0.0
14	147	0.0
12	222	0.0
13	437	0.0
12	58	0.0
1	34	0.0
2	92	0.0
1	78	0.0
14	319	0.0
13	617	0.0
14	353	0.0
1	549	0.0
0	293	0.0
2	189	0.0
14	120	0.0
14	498	-0.0010742722855014912
13	393	0.0
12	195	0.0
12	166	0.0011042721270483262
12	639	0.0
13	492	0.0
13	53	0.0
2	398	0.0
2	351	0.0
1	295	0.0
12	505	0.0
0	176	0.0
0	155	0.002357181530274173
1	277	0.0
0	472	0.0
1	284	0.0
12	421	0.0
0	340	0.0
13	439	0.0
13	282	0.0
12	336	0.0
2	457	0.0
2	290	0.0
1	330	0.0
0	178	0.0
2	273	0.0
1	508	0.0
13	441	0.0
14	65	0.0
0	484	0.0
1	244	0.0
14	149	0.0
1	51	0.0
2	558	0.0
2	382	0.0
0	337	0.0
12	574	0.0
13	632	0.0
13	527	0.0
13	482	0.0
12	68	0.0011042721270483262
2	216	0.0
1	565	0.0
14	200	0.0
13	503	0.0
14	352	0.0
2	375	0.0
12	23	0.002357181530274173
14	257	0.0
14	175	0.0
2	428	0.0
0	21	0.0
1	320	0.0
14	307	0.0
1	262	0.0
1	208	0.0
0	379	0.0
13	289	0.0
1	223	0.0
0	259	0.0
0	624	0.0
13	33	0.0
0	114	0.0
12	543	0.0
12	548	0.0
13	270	0.0
2	542	0.0
0	599	0.0
14	117	0.0
12	86	0.0
13	202	0.0
13	317	0.0
12	16	-0.002357286506470051
1	82	0.0
1	474	0.0
13	435	0.0
2	575	0.0
2	500	-0.08997433735190678
12	157	0.0
1	212	0.0
14	128	0.0
13	532	0.0
1	322	0.0
13	153	0.0
14	69	-0.002357286506470051
1	496	0.0
13	219	0.0
0	354	0.0
14	283	0.0
2	169	0.0
1	12	-0.05974729986187869
2	154	0.002357181530274173
1	368	0.0
2	64	0.0
14	328	0.0
0	458	0.0
0	301	0.0
2	448	0.0
0	186	0.0
0	258	0.0
12	645	0.0
1	333	0.0
1	514	0.0
2	411	0.0
12	466	0.0
14	391	0.0
14	605	0.0
14	509	0.0
0	419	0.0
14	42	0.0
0	377	0.0
13	483	0.0
2	535	0.0
13	62	0.0
13	274	0.0
13	606	0.0
13	54	0.0
14	614	0.0
13	585	0.0
14	384	0.0
1	88	0.0
1	494	0.0
1	162	0.0
13	468	0.0
14	30	0.0
0	143	0.0
14	204	0.0
12	407	0.0
14	355	0.0
0	490	0.0
13	399	0.0
12	10	-0.05974729986187869
12	533	0.0
12	275	0.0
2	426	0.0
0	80	0.0
14	97	0.0
1	9	-0.0010742722855014912
2	211	0.0
2	17	0.0
14	135	0.0
13	130	0.0
12	406	0.0
13	123	0.0
13	228	0.0
14	450	0.0011042721270483262
14	477	0.0
14	91	0.0
0	285	0.0
13	592	-0.0010742722855014912
0	521	0.0
12	85	0.0
13	264	0.0
14	462	0.0
2	226	0.0
1	460	0.0
1	81	0.0
1	467	0.0
1	312	0.0
0	71	0.0
2	268	0.0
13	430	0.0
1	625	0.0
14	210	0.0
12	369	0.0
12	106	0.0
1	2	-5.859717419976318e-5
12	515	0.0
1	342	0.0
2	424	0.0
12	52	0.0
12	179	0.0
13	518	0.0
12	456	0.0
13	207	0.0
0	269	0.0
13	14	-5.8596366690564116e-5
13	601	0.0
14	423	0.0
13	190	0.0
13	582	0.0
12	588	0.0
14	586	0.0
2	263	0.0
1	171	0.0
13	112	0.0
14	303	0.0
2	638	0.0
12	547	0.0
13	251	0.0
0	620	0.0
0	603	0.0
12	252	0.0
2	415	0.0
0	349	0.0
2	365	0.0
12	243	0.0
1	410	0.0
2	525	0.0
12	50	0.0
12	72	0.0
12	133	0.0
0	417	0.0
2	240	0.0
14	461	0.0
2	24	0.0
14	479	0.0
12	129	0.0
14	602	0.0
12	397	0.0
13	451	0.005202303724119155
0	18	0.0
14	19	0.002357181530274173
2	297	0.0
0	304	0.0
0	348	0.0
13	469	0.0
12	511	0.0
12	475	0.0
2	203	0.005202303724119155
14	593	-0.0010742722855014912
0	260	0.0
2	84	0.0
1	394	0.0
0	537	0.0
2	453	0.0
14	296	0.0
2	298	0.0
1	473	0.0
1	310	0.0
2	109	0.0
0	92	0.0
1	250	0.0
14	67	-0.002357286506470051
14	7	0.059746808896285655
14	95	0.0
12	331	0.0
14	209	0.0
2	647	0.0
12	198	0.0
13	47	0.0
13	362	0.0
2	0	-5.859717419976318e-5
0	189	0.0
13	261	0.0
14	429	0.0
12	151	0.0
12	571	0.0
2	557	0.0
0	398	0.0
12	26	0.0
0	351	0.0
2	546	0.0
14	161	-0.0010742722855014912
14	148	0.0
13	643	0.0
1	493	0.0
1	199	0.0
0	457	0.0
0	290	0.0
13	440	0.0
12	540	0.0
0	273	0.0
14	181	0.0
2	561	0.0
2	326	0.0
12	550	0.0
1	214	-0.08997433735190678
1	89	0.0
1	577	0.0
0	558	0.0
0	382	0.0
14	286	0.0
2	119	0.0
1	271	0.0
12	634	0.0
2	350	0.0
12	61	0.0
0	216	0.0
2	519	0.0
12	174	0.0
13	516	0.0
13	573	0.0
0	375	0.0
13	345	0.0
2	309	0.0
14	563	0.0
0	428	0.0
14	449	-0.0010742722855014912
2	452	0.0
14	570	0.0
14	45	0.0
13	572	0.0
2	113	0.0
12	636	0.0
13	604	0.0
14	443	0.0
2	400	0.0
14	131	0.0
2	630	0.0
0	542	0.0
13	90	0.0
12	281	0.0
14	39	0.0
12	311	0.0
14	646	0.0
13	194	0.0
1	315	0.0
1	523	0.0
1	566	0.0
2	4	-0.0010742722855014912
2	359	0.0
2	288	0.0
0	575	0.0
13	34	0.0
14	43	0.0
14	142	0.0
14	631	0.0
0	500	-0.05974729986187869
14	165	0.002357181530274173
1	628	0.0
13	78	0.0
14	254	0.0
12	93	0.0
1	177	0.0
2	132	0.0
2	22	0.0
2	609	0.0
13	549	0.0
2	167	0.0
0	169	0.0
2	470	0.0
0	154	0.0011042721270483262
1	242	0.0
2	182	0.0
2	272	0.0
0	64	0.0
2	76	0.0
14	160	0.0011042721270483262
13	295	0.0
2	371	0.0
2	234	0.0
13	277	0.0
12	35	0.0
14	405	0.0
13	284	0.0
13	330	0.0
0	448	0.0
14	237	0.0
14	529	0.0
14	427	0.0
13	508	0.0
12	409	0.0
1	147	-0.002357286506470051
14	589	0.0
0	411	0.0
14	248	0.0
2	235	0.0
2	413	0.0
12	504	0.0
14	137	0.0
2	402	0.0
14	184	0.0
13	244	0.0
2	188	0.0
1	319	0.0
2	256	0.0
1	353	0.0
13	51	0.0
1	120	0.0
2	138	0.0
1	498	0.059746808896285655
0	535	0.0
14	321	0.0
12	3	-0.08997433735190678
13	565	0.0
12	338	0.0
14	247	0.0
2	278	0.0
14	381	0.0
13	320	0.0
2	63	0.0
13	262	0.0
13	208	0.0
13	223	0.0
14	538	0.0
12	124	0.0
1	65	0.0
14	15	0.002357181530274173
12	444	0.0
12	108	0.0
0	426	0.0
1	149	0.0011042721270483262
12	163	0.0
13	82	0.0
13	474	0.0
12	229	0.0
0	211	0.0
0	17	0.0
14	327	0.0
2	598	0.0
12	332	0.0
2	510	0.0
13	212	0.0
2	360	0.0
13	322	0.0
12	347	0.0
13	496	0.0
1	200	0.0
1	352	0.0
1	257	0.0
1	175	0.0
13	12	-5.860013506682641e-5
14	230	0.0
0	226	0.0
14	100	0.0
2	159	0.0
1	307	0.0
12	245	0.0
13	368	0.0
0	268	0.0
12	40	0.0
14	408	0.0
14	105	0.0
14	233	0.0
0	424	0.0
1	117	0.0
13	333	0.0
14	197	0.0
14	339	0.0
13	514	0.0
12	180	0.0
14	125	0.0
1	128	0.0
1	69	0.0
14	305	0.0
2	431	0.0
2	386	0.0
14	597	0.0
2	287	0.0
14	608	0.0
1	283	0.0
14	41	0.0
0	263	0.0
2	99	0.0
0	638	0.0
12	610	0.0
0	415	0.0
1	328	0.0
0	365	0.0
14	74	0.0
14	465	0.0
14	489	0.0
0	525	0.0
13	88	0.0
13	494	0.0
13	162	0.0
12	569	0.0
0	240	0.0
0	24	0.0
12	152	0.0
12	98	0.0
1	391	0.0
0	297	0.0
12	134	0.0
12	46	0.0
14	370	0.0
1	605	0.0
1	509	0.0
14	392	0.0
2	401	0.0
2	60	0.0
1	42	0.0
12	528	0.0
0	203	0.002357181530274173
12	502	0.0
12	552	0.0
13	9	-0.05974729986187869
0	84	0.0
2	531	0.0
2	481	0.0
1	614	0.0
14	73	0.0
1	384	0.0
0	453	0.0
0	298	0.0
13	467	0.0
13	460	0.0
13	81	0.0
12	191	0.0
13	312	0.0
2	346	0.0
14	236	0.0
1	30	0.0
0	109	0.0
2	437	-0.0010742722855014912
1	204	0.0
14	553	0.0
14	241	0.0
1	355	0.0
12	279	0.0
13	625	0.0
12	335	0.0
12	116	0.0
13	2	-0.05974729986187869
0	647	0.0
13	342	0.0
2	617	0.0
12	414	0.0
14	499	-0.002357286506470051
0	0	0.3476823321753832
12	358	0.0
14	534	0.0
1	97	0.0
2	393	0.0
0	557	0.0
2	492	0.0
2	53	0.0
0	546	0.0
1	135	0.0
12	172	0.0
12	32	0.0
12	497	0.0
1	450	0.0
1	477	0.0
1	91	0.0
12	77	0.0
14	329	0.0
12	193	0.0
2	439	-0.002357286506470051
2	282	0.0
1	462	0.0
13	171	0.0
14	306	0.0
2	441	0.0
14	378	0.0
0	561	0.0
14	387	0.0
0	326	0.0
14	363	0.0
12	380	0.0
12	390	0.0
13	410	0.0
1	210	0.0
0	119	0.0
12	146	0.0
0	350	0.0
0	519	0.0
2	632	0.0
2	527	0.0
12	224	0.0
2	482	0.0
12	314	0.0
2	503	0.0
14	192	0.0
0	309	0.0
1	423	0.0
12	433	0.0
0	452	0.0
0	113	0.0
13	394	0.0
1	586	0.0
2	289	0.0
0	400	0.0
0	630	0.0
2	33	0.0
1	303	0.0
14	487	0.0
14	102	0.0
14	600	0.0
2	270	0.0
12	420	0.0
14	356	0.0
13	473	0.0
13	310	0.0
2	202	-0.002357286506470051
0	4	0.002357181530274173
0	359	0.0
0	288	0.0
13	250	0.0
14	432	0.0
2	317	0.0
1	461	0.0
2	435	-0.002357286506470051
14	231	0.0
1	479	0.0
12	562	0.0
2	532	0.0
14	316	0.0
0	132	0.0
1	602	0.0
0	22	0.0
1	19	0.0
2	153	-0.002357286506470051
0	609	0.0
0	167	0.0
2	219	0.0
14	299	0.0
0	470	0.0
1	593	-0.05974729986187869
0	182	0.0
0	272	0.0
0	76	0.0
0	371	0.0
0	234	0.0
13	493	0.0
13	199	0.0
14	313	0.0
12	28	0.0
1	296	0.0
12	227	0.0
14	579	0.0
0	235	0.0
0	413	0.0
12	641	0.0
0	402	0.0
14	367	0.0
1	67	0.0
12	213	-0.0010742722855014912
0	188	0.0
13	214	-0.0010742722855014912
13	89	0.0
1	7	0.005202303724119155
1	95	0.0
0	256	0.0
13	577	0.0
1	209	0.0
12	613	0.0
2	483	0.0
0	138	0.0
1	429	0.0
13	271	0.0
2	274	0.0
2	62	0.0
2	606	0.0
14	619	0.0
14	57	0.0
12	144	0.0
2	54	0.0011042721270483262
1	161	0.0
2	585	0.0
1	148	-0.0010742722855014912
0	278	0.0
0	63	0.0
2	468	0.0
14	434	0.0
14	389	0.0
12	136	0.0
1	181	0.0
2	399	0.0
12	495	0.0
12	38	0.0
13	315	0.0
13	523	0.0
12	265	0.0
1	286	0.0
13	566	0.0
0	598	0.0
12	11	0.059746808896285655
0	510	0.0
0	360	0.0
13	628	0.0
13	177	0.0
2	130	0.0
12	94	0.0
14	127	0.0
2	123	0.0
2	228	0.0
14	635	0.0
1	563	0.0
12	522	0.0
2	592	-0.05974729986187869
2	264	0.0
13	242	0.0
0	159	0.0
1	449	0.0
12	291	0.0
1	570	0.0
1	45	0.0
1	443	0.0
2	430	0.0
1	131	0.0
12	255	0.0
1	39	0.0
1	646	0.0
12	507	0.0
13	147	0.0
2	518	0.0
2	207	0.0
1	43	0.0
1	631	0.0
12	267	0.0
1	142	0.0
1	165	0.0
2	14	-0.08997433735190678
1	254	0.0
13	319	0.0
2	601	0.0
14	412	0.0
13	353	0.0
0	431	0.0
0	386	0.0
12	164	0.0
0	287	0.0
2	582	0.0
2	190	0.0
13	120	0.0
13	498	0.002357181530274173
0	99	0.0
14	217	0.0
2	112	0.0
1	160	0.0
14	376	0.0
2	251	0.0
12	170	0.0
14	506	0.0
12	568	0.0
1	405	0.0
1	237	0.0
1	529	0.0
1	427	0.0
14	121	0.0
1	589	0.0
1	248	0.0
13	65	0.0
1	137	0.0
12	173	0.0
1	184	0.0
2	451	0.0
14	37	0.0
2	469	0.0
12	644	0.0
0	401	0.0
0	60	0.0
13	149	0.0
12	246	0.0
1	321	0.0
0	531	0.0
12	141	0.0
0	481	0.0
13	200	0.0
13	352	0.0
13	257	0.0
12	520	0.0
13	175	0.0
1	247	0.0
1	381	0.0
14	118	0.0
0	346	0.0
13	307	0.0
14	372	0.0
0	437	0.002357181530274173
14	395	0.0
1	538	0.0
14	249	0.0
0	617	0.0
1	15	0.0
13	117	0.0
2	47	0.0
14	587	0.0
2	362	0.0
12	66	-0.0010742722855014912
12	101	0.0
0	393	0.0
2	261	0.0
1	327	0.0
0	492	0.0
14	158	0.0
0	53	0.0
13	128	0.0
13	69	0.0011042721270483262
2	643	0.0
14	96	0.0
0	439	0.002357181530274173
13	283	0.0
0	282	0.0
1	230	0.0
2	440	-0.0010742722855014912
14	20	-0.0010742722855014912
1	100	0.0
0	441	0.0
13	328	0.0
1	408	0.0
14	27	0.0
1	105	0.0
1	233	0.0
12	31	0.0
12	266	0.0
1	197	0.0
1	339	0.0
14	145	0.0
0	632	0.0
0	527	0.0
0	482	0.0
13	391	0.0
12	554	0.0
2	516	0.0
1	125	0.0
13	509	0.0
0	503	0.0
2	573	0.0
13	605	0.0
14	616	0.0
14	325	0.0
13	42	0.0
1	305	0.0
2	345	0.0
1	597	0.0
12	201	0.0
1	608	0.0
14	478	0.0
1	41	0.0
12	404	0.0
0	289	0.0
14	595	0.0
2	572	0.0
14	300	0.0
0	33	0.0
14	486	0.0
2	604	0.0
13	614	0.0
0	270	0.0
13	384	0.0
2	90	0.0
1	74	0.0
1	465	0.0
1	489	0.0
12	545	0.0
12	215	-0.002357286506470051
2	194	0.0
12	323	0.0
0	202	-0.0010742722855014912
13	30	0.0
0	317	0.0
0	435	0.005202303724119155
2	34	0.0
13	204	0.0
13	355	0.0
2	78	0.0
0	532	0.0
0	153	-0.0010742722855014912
1	370	0.0
12	56	0.0
1	392	0.0
2	549	0.0
12	623	0.0
0	219	0.0
13	97	0.0
14	206	0.0
12	446	0.0
12	590	0.0
14	454	0.0
13	135	0.0
2	295	0.0
2	277	0.0
13	450	0.002357181530274173
1	73	0.0
13	91	0.0
14	436	0.0
2	284	0.0
14	253	0.0
13	477	0.0
12	594	0.0
14	438	0.0
2	330	0.0
13	462	0.0
1	236	0.0
2	508	0.0
12	626	0.0
12	536	0.0
1	553	0.0
1	241	0.0
13	210	0.0
2	244	0.0
1	499	-0.08997433735190678
0	483	0.0
2	51	0.0
14	621	0.0
1	534	0.0
12	530	0.0
12	373	0.0
0	274	0.0
0	62	0.0
14	361	0.0
0	606	0.0
0	54	-0.0010742722855014912
2	565	0.0
0	585	0.0
14	485	0.0
13	423	0.0
14	48	0.0
0	468	0.0
1	329	0.0
2	320	0.0
14	150	0.0
2	262	0.0
2	208	0.0
13	586	0.0
2	223	0.0
1	306	0.0
12	396	0.0
13	303	0.0
1	378	0.0
1	387	0.0
1	363	0.0
0	399	0.0
12	539	0.0
12	302	0.0
12	416	0.0
14	567	0.0
14	79	0.0
14	239	0.0
13	461	0.0
2	82	0.0
2	474	0.0
14	366	0.0
13	479	0.0
2	212	0.0
0	130	0.0
13	602	0.0
2	322	0.0
14	471	0.0
14	488	0.0
13	19	0.005202303724119155
2	496	0.0
0	123	0.0
14	59	0.0
0	228	0.0
1	192	0.0
12	49	0.0
14	526	0.0
14	103	0.0
12	640	0.0
0	592	0.059746808896285655
2	12	-0.05974729986187869
0	264	0.0
12	104	0.0
12	524	0.0
13	593	-0.0010742722855014912
2	368	0.0
12	455	0.0
0	430	0.0
1	487	0.005202303724119155
1	102	0.0
1	600	0.0
12	139	0.0
13	296	0.0
12	1	-0.05974729986187869
1	356	0.0
2	333	0.0
0	518	0.0
14	513	0.0
2	514	0.0
0	207	0.0
14	637	0.0
1	432	0.0
13	67	0.005202303724119155
1	231	0.0
0	14	-0.05974729986187869
0	601	0.0
13	7	-0.08997433735190678
13	95	0.0
14	633	0.0
13	209	0.0
1	316	0.0
14	480	0.0
12	6	-0.08997433735190678
0	582	0.0
0	190	0.0
14	551	0.0
13	429	0.0
14	447	0.002357181530274173
14	183	0.0
1	299	0.0
0	112	0.0
14	422	0.0
0	251	0.0
14	464	0.0
13	161	0.0011042721270483262
13	148	0.0
2	88	0.0
2	494	0.0
2	162	0.0
1	313	0.0
12	596	0.0
1	579	0.002357181530274173
13	181	0.0
14	185	0.0
12	122	0.0
12	578	0.0
1	367	0.0
0	451	0.0
0	469	0.0
14	232	0.0
12	388	0.0
12	205	0.0
14	292	0.0
13	286	0.0
2	9	0.002357181530274173
1	619	0.0
1	57	0.0011042721270483262
13	563	0.0
12	324	0.0
12	343	0.0
2	467	0.0
2	460	0.0
2	81	0.0
14	445	0.0
13	449	0.0011042721270483262
2	312	0.0
13	570	0.0
13	45	0.0
12	196	0.0
1	434	0.0
13	443	0.0
1	389	0.0
13	131	0.0
2	625	0.0
13	39	0.0
13	646	0.0
2	2	0.3476823321753832
2	342	0.0
0	47	0.0
14	218	0.0
0	362	0.0
0	261	0.0
14	187	0.0
13	43	0.0
13	631	0.0
13	142	0.0
14	459	0.0
12	580	0.0
13	165	0.0011042721270483262
14	611	0.0
13	254	0.0
0	643	0.0
1	127	0.0
0	440	0.0011042721270483262
1	635	0.0
12	403	0.0
2	171	0.0
14	221	0.0
12	357	0.0
13	160	-0.0010742722855014912
2	410	0.0
13	405	0.0
13	237	0.0
13	529	0.0
13	427	0.0
12	622	0.0
13	589	0.0
12	584	0.0
13	248	0.0
13	137	0.0
14	70	0.002357181530274173
13	184	0.0
0	516	0.0
0	573	0.0
14	55	0.0
14	225	0.0
1	412	0.0
0	345	0.0
12	115	0.0
13	321	0.0
0	572	0.0
2	394	0.0
0	604	0.0
1	217	0.0
1	376	0.0
0	90	0.0
13	247	0.0
13	381	0.0
1	506	0.0
0	194	0.0
2	473	0.0
2	310	0.0
13	538	0.0
0	34	0.0
2	250	0.0
1	121	0.0
14	442	0.0
0	78	0.0
14	629	0.0
13	15	0.002357181530274173
12	293	0.0
14	140	0.0
1	37	0.0
0	549	0.0
14	564	0.0
13	327	0.0
12	176	0.0
0	295	0.0
12	155	0.0
12	472	0.0
2	493	0.0
2	199	0.0
0	277	0.0
12	340	0.0
0	284	0.0
14	238	0.0
13	230	0.0
0	330	0.0
12	178	0.0
13	100	0.0
1	118	0.0
0	508	0.0
14	501	0.0
1	372	0.0
12	484	0.0
1	395	0.0
1	249	0.0
14	110	0.0
13	408	0.0
14	541	0.0
0	244	0.0
2	214	0.059746808896285655
13	105	0.0
2	89	0.0
14	107	0.0
13	233	0.0
2	577	0.0
0	51	0.0
12	337	0.0
1	587	0.0
13	197	0.0
13	339	0.0
14	555	0.0
2	271	0.0
1	158	0.0
0	565	0.0
13	125	0.0
14	618	0.0
13	305	0.0
13	597	0.0
12	21	-0.0010742722855014912
1	96	0.0
13	608	0.0
12	379	0.0
0	320	0.0
13	41	0.0
0	262	0.0
14	374	0.0
12	259	0.0
12	624	0.0
0	208	0.0
12	114	0.0
0	223	0.0
1	20	0.0
12	599	0.0
13	74	0.0
13	465	0.0
13	489	0.0
1	27	0.0
2	315	0.0
2	523	0.0
0	82	0.0
0	474	0.0
2	566	0.0
14	280	0.0
1	145	0.0
14	559	0.0
0	212	0.0
2	628	0.0
0	322	0.0
14	463	0.0
2	177	0.0
0	496	0.0
12	354	0.0
13	370	0.0
13	392	0.0
1	616	0.0
14	627	0.0
1	325	0.0
0	12	-0.08997433735190678
14	517	0.0
2	242	0.0
1	478	0.0
0	368	0.0
12	458	0.0
1	595	0.0
1	300	0.0
14	576	0.0
1	486	-0.002357286506470051
12	301	0.0
14	607	0.0
13	73	0.0
14	111	0.0
12	186	0.0
12	258	0.0
14	29	0.0
14	75	0.0
0	333	0.0
14	334	0.0
13	236	0.0
0	514	0.0
2	147	0.002357181530274173
13	553	0.0
13	241	0.0
14	44	0.0
12	419	0.0
14	583	0.0
12	377	0.0
2	319	0.0
2	353	0.0
13	499	0.005202303724119155
13	534	0.0
14	364	0.0
14	168	0.0
14	491	0.0
14	544	0.0
2	120	0.0
2	498	-0.05974729986187869
1	206	0.0
14	341	0.0
1	454	0.0
14	612	0.0
14	83	0.0
0	88	0.0
0	494	0.0
0	162	0.0
1	436	-0.0010742722855014912
14	8	-0.08997433735190678
14	476	0.0
1	253	0.0
13	329	0.0
1	438	-0.002357286506470051
12	143	0.0
12	490	0.0
13	306	0.0
13	378	0.0
13	387	0.0
2	65	0.0
13	363	0.0
14	25	0.0
12	80	0.0
2	149	-0.0010742722855014912
14	308	0.0
14	220	0.0
1	621	0.0
0	9	-0.0010742722855014912
14	425	0.0
1	361	0.0
14	383	0.0
14	36	0.0
14	642	0.0
12	285	0.0
2	200	0.0
2	352	0.0
12	521	0.0
2	257	0.0
13	192	0.0
1	485	0.0
2	175	0.0
1	48	0.0
0	467	0.0
0	460	0.0
0	81	0.0
14	512	0.0
14	294	0.0
0	312	0.0
12	71	0.002357181530274173
1	150	0.0
2	307	0.0
14	344	0.0
0	625	0.0
13	102	0.0
13	487	0.0
13	600	0.0
0	2	-5.860148091549152e-5
0	342	0.0
2	117	0.0
13	356	0.0
1	567	0.0
1	79	0.0
1	239	0.0
12	269	0.0
13	432	0.0
13	231	0.0
1	366	0.0
2	128	0.0
13	316	0.0
1	471	0.0
1	488	-0.002357286506470051
2	69	0.0
1	59	0.002357181530274173
1	526	0.0
2	283	0.0
1	103	0.0
13	299	0.0
14	556	0.0
0	171	0.0
14	156	0.0
14	418	0.0
12	620	0.0
12	603	0.0
12	349	0.0
14	126	0.0
2	328	0.0
0	410	0.0
13	313	0.0
12	417	0.0
14	581	0.0
13	579	0.0
14	5	-0.08997433735190678
1	513	0.0
1	637	0.0
12	18	-0.0010742722855014912
12	304	0.0
13	367	0.0
12	348	0.0
2	391	0.0
2	605	0.0
2	509	0.0
1	633	0.0
1	480	0.0
2	42	0.0
12	260	0.0
1	551	0.0
1	447	0.0
1	183	0.0
0	394	0.0
12	537	0.0
13	619	0.0
13	57	0.0
1	422	0.0
14	591	-0.002357286506470051
2	614	0.0
1	464	0.0
2	384	0.0
14	13	-5.8596366690564116e-5
0	473	0.0
12	92	0.0
0	310	0.0
2	30	0.0
13	434	0.0
0	250	0.0
13	389	0.0
2	204	0.0
2	355	0.0
14	87	0.0
1	185	0.0
12	189	0.0
1	232	0.0
14	318	0.0
1	292	0.0
2	97	0.0
14	560	0.0
12	398	0.0
12	351	0.0
2	135	0.0
0	493	0.0
0	199	0.0
13	127	0.0
12	457	0.0
12	290	0.0
14	385	0.0
2	450	0.0
2	477	0.0
2	91	0.0
12	273	0.0
13	635	0.0
2	462	0.0
1	445	0.0
14	276	0.0
14	615	0.0
0	214	-0.05974729986187869
0	89	0.0
12	558	0.0
14	222	0.0
2	210	0.0
0	577	0.0
12	382	0.0
14	58	0.0
1	218	0.0
12	216	0.0
1	187	0.0
0	271	0.0
12	375	0.0
1	459	0.0
1	611	0.0
13	412	0.0
12	428	0.0
14	195	0.0
2	423	0.0
14	166	-0.002357286506470051
14	639	0.0
14	505	0.0
2	586	0.0
13	217	0.0
12	542	0.0
1	221	0.0
2	303	0.0
14	421	0.0
13	376	0.0
14	336	0.0
13	506	0.0
0	315	0.0
0	523	0.0
12	575	0.0
0	566	0.0
12	500	-0.0010742722855014912
2	461	0.0
13	121	0.0
0	628	0.0
2	479	0.0
1	70	0.0
0	177	0.0
2	602	0.0
2	19	0.0
1	55	0.005202303724119155
12	169	0.0
13	37	0.0
14	574	0.0
1	225	0.0
12	154	0.0
14	68	-0.0010742722855014912
0	242	0.0
2	593	-0.08997433735190678
12	64	0.0
14	23	0.005202303724119155
12	448	0.002357181530274173
2	296	0.0
13	118	0.0
12	411	0.0
14	543	0.0
0	147	0.005202303724119155
14	548	0.0
13	372	0.0
13	395	0.0
13	249	0.0
2	67	0.0
1	442	0.0
14	86	0.0
0	319	0.0
2	7	-0.002357286506470051
2	95	0.0
1	629	0.0
2	209	0.0
0	353	0.0
14	16	-0.0010742722855014912
12	535	0.0
1	140	0.0
13	587	0.0
0	120	0.0
0	498	-0.08997433735190678
14	157	0.0
2	429	0.0
1	564	0.0
13	158	0.0
2	161	0.0
2	148	0.0011042721270483262
13	96	0.0
1	238	0.0
13	20	-0.002357286506470051
1	501	0.0
0	65	0.0
2	181	0.0
1	110	0.0
12	426	0.0
14	645	0.0
1	541	0.0
13	27	0.0
1	107	0.0
0	149	-0.002357286506470051
12	211	0.0
12	17	-0.002357286506470051
14	466	0.0
2	286	0.0
13	145	0.0
1	555	0.0
0	200	0.0
0	352	0.0
0	257	0.0
1	618	0.0
13	616	0.0
13	325	0.0
12	226	0.0
0	175	0.0
2	563	0.0
13	478	0.0
12	268	0.0
0	307	0.0
2	449	0.0
1	374	0.0
2	570	0.0
2	45	0.0
13	595	0.0
13	300	0.0
13	486	0.0
2	443	0.0
2	131	0.0
12	424	0.0
2	39	0.0
0	117	0.0
2	646	0.0
14	407	0.0
2	43	0.0
2	631	0.0
14	10	0.059746808896285655
14	533	0.0
2	142	0.0
1	280	0.0
14	275	0.0
2	165	0.0
1	559	0.0
0	128	0.0
2	254	0.0
0	69	0.0
1	463	0.0
1	627	0.0
0	283	0.0
12	263	0.0
13	206	0.0
1	517	0.0
12	638	0.0
14	406	0.0
12	415	0.0
12	365	0.0
13	454	0.0
12	525	0.0
2	160	0.0
0	328	0.0
1	576	0.0
14	85	0.0
1	607	0.0
13	436	0.0
2	405	0.0
13	253	0.0
12	240	0.0
1	111	0.0
13	438	0.0
1	29	0.0
1	75	0.0
12	24	0.0
2	237	0.0
2	529	0.0
1	334	0.0
2	427	0.0
2	589	0.0
2	248	0.0
14	106	0.0
14	369	0.0
12	297	0.0
14	515	0.0
14	52	0.0
2	137	0.0
14	179	0.0
0	391	0.0
1	44	0.0
2	184	0.0
0	605	0.0
0	509	0.0
1	583	0.0
14	456	0.0
12	203	0.0
0	42	0.0
12	84	0.0
13	621	0.0
1	364	0.0
1	168	0.0
1	491	0.0
1	544	0.0
13	361	0.0
2	321	0.0
1	341	0.0
14	588	0.0
0	614	0.0
12	453	0.0
1	612	0.0
12	298	0.0
0	384	0.0
1	83	0.0
13	485	0.0
2	247	0.0
13	48	0.0
2	381	0.0
12	109	0.0
1	476	0.0
1	8	0.002357181530274173
13	150	0.0
0	30	0.0
14	547	0.0
14	252	0.0
2	538	0.0
0	204	0.0
14	243	0.0
14	72	0.0
0	355	0.0
14	50	0.0
14	133	0.0
12	647	0.0
12	0	-0.08997433735190678
2	15	0.0
1	25	0.0
13	567	0.0
12	557	0.0
13	79	0.0
13	239	0.0
0	97	0.0
1	308	0.0
1	220	0.0
14	129	0.0
14	397	0.0
12	546	0.0
1	425	0.0
14	511	0.0
2	327	0.0
13	366	0.0
14	475	0.0
1	383	0.0
1	36	0.0
0	135	0.0
13	471	0.0
13	488	0.0
1	642	0.0
13	59	0.0
0	450	0.0
0	477	0.0
0	91	0.0
13	526	0.0
13	103	0.0
2	230	0.0
0	462	0.0
2	100	0.0
1	512	0.0
12	561	0.0
1	294	0.0
12	326	0.0
1	344	0.0
2	408	0.0
0	210	0.0
2	105	0.0
2	233	0.0
12	119	0.0
12	350	0.0
2	197	0.0
2	339	0.0
12	519	0.0
13	513	0.0
13	637	0.0
14	331	0.0
14	198	0.0
12	309	0.0
2	125	0.0
13	633	0.0
13	480	0.0
14	151	0.0
14	571	0.0
2	305	0.0
0	423	0.0
12	452	0.0011042721270483262
2	597	0.0
13	551	0.0
12	113	0.0
14	26	0.0
2	608	0.0
13	447	-0.002357286506470051
1	556	0.0
2	41	0.0
13	183	0.0
12	400	0.0
12	630	0.0
0	586	0.0
1	156	0.0
1	418	0.0
13	422	0.0
0	303	0.0
13	464	0.0
1	126	0.0
2	74	0.0
14	540	0.0
2	465	0.0
2	489	0.0
1	581	-0.0010742722855014912
12	4	0.059746808896285655
12	288	0.0
12	359	0.0
0	461	0.0
14	550	0.0
1	5	-0.0010742722855014912
0	479	0.0
12	132	0.0
13	185	0.0
12	22	-0.0010742722855014912
12	609	0.0
12	167	-0.002357286506470051
0	602	0.0
0	19	0.0
13	232	0.0
2	370	0.0
2	392	0.0
12	470	0.0
13	292	0.0
14	634	0.0
14	61	0.0
12	182	0.0
14	174	0.0
12	272	0.0
0	593	0.059746808896285655
12	76	0.0
12	371	0.0
12	234	0.0
1	591	0.059746808896285655
2	73	0.0
14	636	0.0
0	296	0.0
1	13	-0.08997433735190678
12	235	0.0
12	413	0.0
13	445	0.0
12	402	0.0
2	236	0.0
14	281	0.0
14	311	0.0
0	67	0.0
12	188	0.0
2	553	0.0
2	241	0.0
12	256	0.0
1	87	0.0
0	7	-0.002357286506470051
0	95	0.0
0	209	0.0
12	138	0.0
13	218	0.0
2	499	0.059746808896285655
1	318	0.0
2	534	0.0
0	429	0.0
13	187	0.0
1	560	0.0
14	93	0.0
13	459	0.0
13	611	0.0
12	278	0.0
0	161	0.0
0	148	0.002357181530274173
12	63	0.0
1	385	0.0
2	329	0.0
2	306	0.0
14	35	0.0
13	221	0.0
0	181	0.0
1	276	0.0
2	378	0.0
2	387	0.0
2	363	0.0
1	615	0.0
14	409	0.0
1	222	0.0
1	58	-0.0010742722855014912
14	504	0.0
12	598	0.0
0	286	0.0
12	510	0.0
12	360	0.0
13	70	-0.0010742722855014912
13	55	0.0
13	225	0.0
2	192	0.0
0	563	0.0
12	159	0.005202303724119155
1	195	0.0
1	166	0.0
14	3	0.059746808896285655
1	639	0.0
0	449	0.0
14	338	0.0
1	505	0.0
0	45	0.0
0	570	0.0
0	443	0.0
0	131	0.0
1	421	0.0
2	487	0.002357181530274173
2	102	0.0
0	39	0.0
2	600	0.0
1	336	0.0
0	646	0.0
14	124	0.0
2	356	0.0
0	43	0.0
0	631	0.0
14	444	0.0
2	432	0.0
0	142	0.0
13	442	0.0
2	231	0.0
0	165	0.0
14	108	0.0
0	254	0.0
12	431	0.0
12	386	0.0
12	287	0.0
13	629	0.0
2	316	0.0
14	163	0.0
13	140	0.0
14	229	0.0
1	574	0.0
14	332	0.0
12	99	0.0
2	299	0.0
1	68	0.0
14	347	0.0
13	564	0.0
1	23	0.0
0	160	0.0
0	405	0.0
2	313	0.0
14	245	0.0
13	238	0.0
0	237	0.0
0	529	0.0
2	579	0.002357181530274173
14	40	0.0
1	543	0.0
0	427	0.0
1	548	0.0
0	589	0.0
13	501	0.0
0	248	0.0
13	110	0.0
0	137	0.0
2	367	0.0
0	184	0.0
12	401	0.0
12	60	0.0
13	541	0.0
1	86	0.0
13	107	0.0
14	180	0.0
1	16	0.0
1	157	0.0
13	555	0.0
0	321	0.0
12	531	0.0
12	481	0.0
2	619	0.0
2	57	0.002357181530274173
13	618	0.0
0	247	0.0
0	381	0.0
12	346	0.0
12	437	0.0
13	374	0.0
14	610	0.0
0	538	0.0
2	434	0.0
2	389	0.0
14	569	0.0
12	617	0.0
0	15	0.0
1	645	0.0
12	393	0.0
14	152	0.0
14	98	0.0
12	492	0.0
1	466	0.0
12	53	0.0
14	134	0.0
0	327	0.0
14	46	0.0
13	280	0.0
13	559	0.0
14	528	0.0
13	463	0.0
14	502	0.0
14	552	0.0
12	439	0.0
2	127	0.0
12	282	0.0
13	627	0.0
0	230	0.0
2	635	0.0
13	517	0.0
0	100	0.0
12	441	0.0
13	576	0.0
13	607	0.0
0	408	0.0
14	191	0.0
0	105	0.0
0	233	0.0
13	111	0.0
13	29	0.0
13	75	0.0
0	197	0.0
0	339	0.0
1	407	0.0
14	279	0.0
13	334	0.0
12	527	0.0
12	482	0.0
12	632	0.0
14	335	0.0
14	116	0.0
1	10	-0.0010742722855014912
1	533	0.0
14	414	0.0
13	44	0.0
14	358	0.0
12	503	0.0
1	275	0.0
0	125	0.0
13	583	0.0
2	412	0.0
0	305	0.0
0	597	0.0
13	364	0.0
0	608	0.0
13	168	0.0
13	491	0.0
12	289	0.0
13	544	0.0
0	41	0.0
12	33	0.0
13	341	0.0
14	172	0.0
1	406	0.0
14	32	0.0
12	270	0.0
2	217	0.0
14	497	0.0
14	77	0.0
13	612	0.0
14	193	0.0
2	376	0.0
0	74	0.0
0	465	0.0
0	489	0.0
1	85	0.0
13	83	0.0
12	202	0.0
2	506	0.0
13	8	0.059746808896285655
13	476	0.0
12	317	0.0
12	435	0.0
14	380	0.0
14	390	0.0
12	532	0.0
2	121	0.0
1	369	0.0
1	106	0.0
12	153	0.0
1	515	0.0
1	52	0.0
1	179	0.0
13	25	0.0
12	219	0.0
0	370	0.0
0	392	0.0
2	37	0.0
1	456	0.0
14	146	0.0
13	308	0.0
14	224	0.0
13	220	0.0
14	314	0.0
13	425	0.0
13	383	0.0
13	36	0.0
1	588	0.0
14	433	0.0
13	642	0.0
0	73	0.0
13	512	0.0
2	118	0.0
13	294	0.0
0	236	0.0
1	547	0.0
1	252	0.0
2	372	0.0
13	344	0.0
2	395	0.0
2	249	0.0
14	420	0.0
1	243	0.0
1	72	0.0
0	241	0.0
1	50	0.0
0	553	0.0
1	133	0.0
12	483	0.0
0	499	0.059746808896285655
0	534	0.0
12	274	0.0
12	62	0.0
2	587	0.0
12	606	0.0
14	562	0.0
1	129	0.0
12	54	0.0
1	397	0.0
12	585	0.0
1	511	0.0
2	158	0.0
1	475	0.0
12	468	0.0
2	96	0.0
0	329	0.0
13	556	0.0
2	20	0.0
13	156	0.0
13	418	0.0
0	306	0.0
12	399	0.0
0	378	0.0
0	387	0.0
0	363	0.0
14	28	0.0
13	126	0.0
14	227	0.0
2	27	0.0
13	581	0.0
14	641	0.0
14	213	0.002357181530274173
13	5	-0.05974729986187869
12	130	0.0
2	145	0.0
1	331	0.0
12	123	0.0
1	198	0.0
12	228	0.0
14	613	0.0
12	592	0.002357181530274173
12	264	0.0
0	192	0.0
2	616	0.0
1	151	0.0
2	325	0.0
1	571	0.0
1	26	0.0
14	144	0.0
2	478	0.0
12	430	0.0
2	595	0.0
2	300	0.0
2	486	-0.0010742722855014912
13	591	-0.002357286506470051
0	487	0.002357181530274173
0	102	0.0
0	600	0.0
1	540	0.0
12	518	0.0
13	13	0.3476823321753832
0	356	0.0
14	136	0.0
12	207	0.0
14	495	0.0
0	432	0.0
12	14	-5.859690503003016e-5
14	38	0.0
1	550	0.0
0	231	0.0
12	601	0.0
13	87	0.0
14	265	0.0
12	582	0.0
12	190	0.0
0	316	0.0
13	318	0.0
14	11	-0.08997433735190678
1	634	0.0
0	299	0.0
1	61	0.0
2	206	0.0
13	560	0.0
12	112	0.0
1	174	0.0
14	94	0.0
12	251	0.0
2	454	0.0
14	522	0.0
0	313	0.0
13	385	0.0
2	436	0.0011042721270483262
14	291	0.0
2	253	0.0
1	636	0.0
2	438	0.0011042721270483262
0	579	0.005202303724119155
13	276	0.0
14	255	0.0
1	281	0.0
1	311	0.0
12	451	-0.002357286506470051
13	615	0.0
14	507	0.0
0	367	0.0
12	469	0.0
13	222	0.0
13	58	0.0
14	267	0.0
2	621	0.0
1	93	0.0
2	361	0.0
0	619	0.0
0	57	-0.0010742722855014912
14	164	0.0
13	195	0.0
2	485	0.0
13	166	-0.0010742722855014912
2	48	0.0
13	639	0.0
13	505	0.0
2	150	0.0
0	434	0.0
0	389	0.0
14	170	0.0
1	35	0.0
14	568	0.0
13	421	0.0
12	47	0.0
13	336	0.0
12	362	0.0
12	261	0.0
1	409	0.0
2	567	0.0
2	79	0.0
1	504	0.0
2	239	0.0
14	173	0.0
14	644	0.0
2	366	0.0
12	643	0.0
2	471	0.0
0	127	0.0
2	488	-0.0010742722855014912
12	440	0.0
13	574	0.0
14	246	0.0
2	59	0.005202303724119155
2	526	0.0
0	635	0.0
2	103	0.0
13	68	0.002357181530274173
1	3	-0.002357286506470051
14	141	0.0
1	338	0.0
13	23	0.002357181530274173
14	520	0.0
1	124	0.0
13	543	0.0
13	548	0.0
2	513	0.0
2	637	0.0
12	516	0.0
1	444	0.0
12	573	0.0
13	86	0.0
1	108	0.0
12	345	0.0
14	66	0.0011042721270483262
14	101	0.0
0	412	0.0
2	633	0.0
2	480	0.0
1	163	0.0
13	16	-0.0010742722855014912
1	229	0.0
2	551	0.0
12	572	0.0
13	157	0.0
1	332	0.0
12	604	0.0
2	447	0.0
2	183	0.0
1	347	0.0
0	217	0.0
12	90	0.0
2	422	0.0
0	376	0.0
2	464	0.0
12	194	0.0
0	506	0.0
1	245	0.0
12	34	0.0
1	40	0.0
12	78	0.0
0	121	0.0
14	31	0.0
2	185	0.0
14	266	0.0
12	549	0.0
13	645	0.0
0	37	0.0
2	232	0.0
1	180	0.0
2	292	0.0
13	466	0.0
14	554	0.0
12	295	0.0
12	277	0.0
12	284	0.0
14	201	0.0
12	330	0.0
14	404	0.0
12	508	0.0
0	118	0.0
2	445	0.0
0	372	0.0
1	610	0.0
0	395	0.0
0	249	0.0
14	545	0.0
12	244	0.0
14	215	0.005202303724119155
1	569	0.0
14	323	0.0
12	51	0.0
2	218	0.0
0	587	0.0
13	407	0.0
1	152	0.0
2	187	0.0
1	98	0.0
12	565	0.0
13	10	-0.08997433735190678
13	533	0.0
1	134	0.0
1	46	0.0
0	158	0.0
14	56	0.0
2	459	0.0
13	275	0.0
14	623	0.0
2	611	0.0
1	528	0.0
1	502	0.0
1	552	0.0
12	320	0.0
0	96	0.0
12	262	0.0
12	208	0.0
12	223	0.0
14	446	0.0
14	590	0.0
0	20	0.0
13	406	0.0
2	221	0.0
14	594	0.0
13	85	0.0
1	191	0.0
0	27	0.0
14	626	0.0
12	82	0.0
12	474	0.0
14	536	0.0
1	279	0.0
12	212	0.0
0	145	0.0
12	322	0.0
1	335	0.0
13	369	0.0
1	116	0.0
13	106	0.0
13	515	0.0
12	496	0.0
13	52	0.0
13	179	0.0
1	414	0.0
2	70	0.0
1	358	0.0
14	530	0.0
2	55	0.002357181530274173
12	12	0.3476822977216574
14	373	0.0
0	616	0.0
2	225	0.0
13	456	0.0
0	325	0.0
12	368	0.0
0	478	0.0
0	595	0.0
1	172	0.0
0	300	0.0
0	486	-0.0010742722855014912
1	32	0.0
13	588	0.0
1	497	0.0
1	77	0.0
1	193	0.0
12	333	0.0
12	514	0.0
14	396	0.0
13	547	0.0
13	252	0.0
1	380	0.0
14	539	0.0
13	243	0.0
1	390	0.0
13	72	0.0
13	50	0.0
2	442	0.0
13	133	0.0
14	302	0.0
14	416	0.0
2	629	0.0
2	140	0.0
1	146	0.0
0	206	0.0
1	224	0.0
13	129	0.0
1	314	0.0
13	397	0.0
2	564	0.0
13	511	0.0
13	475	0.0
0	454	0.0
12	88	0.0
14	49	0.0
12	494	0.0
14	640	0.0
12	162	0.0
1	433	0.0
14	104	0.0
14	524	0.0
0	436	-0.002357286506470051
0	253	0.0
2	238	0.0
0	438	-0.0010742722855014912
14	455	0.0
2	501	0.0
14	139	0.0
2	110	0.0
1	420	0.0
14	1	-0.05974729986187869
2	541	0.0
2	107	0.0
12	9	-0.08997433735190678
0	621	0.0
0	361	0.0
2	555	0.0
1	562	0.0
13	331	0.0
14	6	-0.05974729986187869
13	198	0.0
2	618	0.0
13	151	0.0
12	467	0.0
12	460	0.0
0	485	0.0
12	81	0.0
13	571	0.0
0	48	0.0
12	312	0.0
13	26	0.0
0	150	0.0
2	374	0.0
12	625	0.0
12	2	-0.05974729986187869
12	342	0.0
14	596	0.0
1	28	0.0
13	540	0.0
1	227	0.0
0	567	0.0
0	79	0.0
0	239	0.0
14	122	0.0
1	641	0.0
14	578	0.0
1	213	-0.05974729986187869
13	550	0.0
0	366	0.0
14	388	0.0
2	280	0.0
2	559	0.0
14	205	0.0
0	471	0.0
0	488	-0.0010742722855014912
2	463	0.0
1	613	0.0
0	59	-0.002357286506470051
0	526	0.0
2	627	0.0
0	103	0.0
13	634	0.0
13	61	0.0
12	171	0.0
13	174	0.0
2	517	0.0
1	144	0.0
12	410	0.0
14	324	0.0
2	576	0.0
14	343	0.0
2	607	0.0
13	636	0.0
2	111	0.0
14	196	0.0
2	29	0.0
2	75	0.0
1	136	0.0
2	334	0.0
0	513	0.0
0	637	0.0
13	281	0.0
1	495	0.0
13	311	0.0
1	38	0.0
2	44	0.0
0	633	0.0
2	583	0.0
1	265	0.0
0	480	0.0
0	551	0.0
1	11	-0.002357286506470051
14	580	0.0
2	364	0.0
12	394	0.0
2	168	0.0
2	491	0.0
0	447	0.0
0	183	0.0
2	544	0.0
13	93	0.0
2	341	0.0
1	94	0.0
0	422	0.0
0	464	0.0
2	612	0.0
1	522	0.0
2	83	0.0
14	403	0.0
12	473	0.0
12	310	0.0
2	476	0.0
2	8	-0.0010742722855014912
1	291	0.0
12	250	0.0
14	357	0.0
13	35	0.0
1	255	0.0
0	185	0.0
1	507	0.0
0	232	0.0
2	25	0.0
14	622	0.0
13	409	0.0
14	584	0.0
0	292	0.0
13	504	0.0
2	308	0.0
2	220	0.0
1	267	0.0
2	425	0.0
12	493	0.0
2	383	0.0
12	199	0.0
2	36	0.0
1	164	0.0
2	642	0.0
14	115	0.0
13	3	0.059746808896285655
0	445	0.0
2	512	0.0
2	294	0.0
13	338	0.0
2	344	0.0
1	170	0.0
12	214	-0.0010742722855014912
12	89	0.0
1	568	0.0
12	577	0.0
0	218	0.0
13	124	0.0
12	271	0.0
0	187	0.0
1	173	0.0
13	444	0.0
14	293	0.0
0	459	0.0
1	644	0.0
0	611	0.0
13	108	0.0
13	163	0.0
13	229	0.0
1	246	0.0
14	176	0.0
13	332	0.0
2	556	0.0
14	155	0.0
13	347	0.0
14	472	0.0
1	141	0.0
2	156	0.0
14	340	0.0
2	418	0.0
0	221	0.0
1	520	0.0
2	126	0.0
14	178	0.0
12	315	0.0
12	523	0.0
13	245	0.0
14	484	0.0
12	566	0.0
2	581	-0.0010742722855014912
13	40	0.0
12	628	0.0
2	5	-0.0010742722855014912
12	177	0.0
0	70	0.0
14	337	0.0
0	55	-0.002357286506470051
0	225	0.0
1	66	0.0
1	101	0.0
13	180	0.0
12	242	0.0
14	21	-0.002357286506470051
2	591	0.059746808896285655
14	379	0.0
14	259	0.0
14	624	0.0
14	114	0.0
12	147	0.0
2	13	-0.05974729986187869
14	599	0.0
13	610	0.0
0	442	0.0
12	319	0.0
13	569	0.0
2	87	0.0
12	353	0.0
1	31	0.0
1	266	0.0
0	629	0.0
12	120	0.0
12	498	-0.0010742722855014912
0	140	0.0
2	318	0.0
13	152	0.0
13	98	0.0
2	560	0.0
0	564	0.0
1	554	0.0
13	134	0.0
13	46	0.0
14	354	0.0
13	528	0.0
13	502	0.0
13	552	0.0
1	201	-0.0010742722855014912
2	385	0.0
0	238	0.0
14	458	0.0
1	404	0.0
14	301	0.0
12	65	0.0
0	501	0.0
2	276	0.0
0	110	0.0
14	186	0.0
14	258	0.0
2	615	0.0
1	545	0.0
1	215	0.059746808896285655
0	541	0.0
12	149	0.0
13	191	0.0
1	323	0.0
0	107	0.0
2	222	0.0
2	58	-0.002357286506470051
13	279	0.0
14	419	0.0
0	555	0.0
13	335	0.0
13	116	0.0
14	377	0.0
12	200	0.0
13	414	0.0
12	352	0.0
13	358	0.0
1	56	-0.002357286506470051
12	257	0.0
1	623	0.0
12	175	0.0
0	618	0.0
2	195	0.0
12	307	0.0
2	166	0.0
2	639	0.0
1	446	0.0
1	590	0.0
0	374	0.0
2	505	0.0
13	172	0.0
13	32	0.0
13	497	0.0
13	77	0.0
12	117	0.0
2	421	0.0
1	594	0.0
13	193	0.0
14	143	0.0
2	336	0.0
14	490	0.0
1	626	0.0
1	536	0.0
13	380	0.0
13	390	0.0
12	128	0.0
0	280	0.0
14	80	0.0
0	559	0.0
12	69	-0.0010742722855014912
0	463	0.0
1	530	0.0
12	283	0.0
1	373	0.0
2	574	0.0
0	627	0.0
13	146	0.0
13	224	0.0
0	517	0.0
2	68	0.0
13	314	0.0
14	285	0.0
12	328	0.0
14	521	0.0
2	23	0.0
0	576	0.0
13	433	0.0
0	607	0.0
14	71	0.005202303724119155
0	111	0.0
0	29	0.0
0	75	0.0
1	396	0.0
2	543	0.0
0	334	0.0
2	548	0.0
12	391	0.0
13	420	0.0
1	539	0.0
12	605	0.0
12	509	0.0
0	44	0.0
1	302	0.0
1	416	0.0
2	86	0.0
0	583	0.0
12	42	0.0
14	269	0.0
2	16	0.0
0	364	0.0
0	168	0.0
0	491	0.0
0	544	0.0
2	157	0.0
13	562	0.0
0	341	0.0
12	614	0.0
12	384	0.0
0	612	0.0
1	49	0.0
1	640	0.0
0	83	0.0
1	104	0.0
1	524	0.0
12	30	0.0
0	476	0.0
0	8	-0.0010742722855014912
14	603	0.0
14	620	0.0
14	349	0.0
1	455	0.0
12	204	0.0
12	355	0.0
1	139	0.0
13	28	0.0
14	417	0.0
13	227	0.0
1	1	0.3476823321753832
0	25	0.0
2	645	0.0
12	97	0.0
0	308	0.0
13	641	0.0
0	220	0.0
14	18	-0.0010742722855014912
14	304	0.0
14	348	0.0
2	466	0.0
13	213	-0.0010742722855014912
0	425	0.0
12	135	0.0
0	383	0.0
0	36	0.0
1	6	0.002357181530274173
14	260	0.0
0	642	0.0
12	91	0.0
12	450	-0.0010742722855014912
12	477	0.0
13	613	0.0
12	462	0.0
14	537	0.0
0	512	0.0
0	294	0.0
13	144	0.0
0	344	0.0
12	210	0.0
1	596	0.0
14	92	0.0
13	136	0.0
2	407	0.0
1	122	0.0
1	578	0.0
13	495	0.0
13	38	0.0
14	189	0.0
2	10	0.002357181530274173
2	533	0.0
1	388	0.0
2	275	0.0
1	205	0.0
13	265	0.0
12	423	0.0
14	398	0.0
14	351	0.0
13	11	0.059746808896285655
12	586	0.0
0	556	0.0
12	303	0.0
13	94	0.0
0	156	0.0
0	418	0.0
2	406	0.0
14	457	0.0
14	290	0.0
0	126	0.0
14	273	0.0
13	522	0.0
1	324	0.0
1	343	0.0
2	85	0.0
0	581	-0.002357286506470051
13	291	0.0
1	196	0.0
12	461	0.0
12	479	0.0
0	5	0.002357181530274173
13	255	0.0
14	558	0.0
12	602	0.0
2	369	0.0
2	106	0.0
12	19	0.002357181530274173
14	382	0.0
13	507	0.0
2	515	0.0
2	52	0.0
2	179	0.0
14	216	0.0
2	456	0.0
12	593	0.002357181530274173
13	267	0.0
14	375	0.0
1	580	-0.0010742722855014912
14	428	0.0
13	164	0.0
2	588	0.0
0	591	-0.08997433735190678
12	296	0.0
1	403	0.0
0	13	-0.05974729986187869
14	542	0.0
1	357	0.0
2	547	0.0
12	67	0.002357181530274173
2	252	0.0
13	170	0.0
2	243	0.0
2	72	0.0
12	7	0.059746808896285655
2	50	0.0
0	87	0.0
12	95	0.0
12	209	0.0
2	133	0.0
13	568	0.0
14	575	0.0
14	500	-0.0010742722855014912
1	622	0.0
0	318	0.0
12	429	0.0
1	584	0.0
0	560	0.0
2	129	0.0
13	173	0.0
2	397	0.0
14	169	0.0
12	161	0.002357181530274173
13	644	0.0
2	511	0.0
12	148	0.0
2	475	0.0
14	154	0.0
0	385	0.0
1	115	0.0
14	64	0.0
13	246	0.0
13	141	0.0
12	181	0.0
0	276	0.0
13	520	0.0
14	448	0.0011042721270483262
0	615	0.0
14	411	0.0
0	222	0.0
12	286	0.0
0	58	0.0011042721270483262
2	331	0.0
1	293	0.0
2	198	0.0
14	535	0.0
13	66	-0.002357286506470051
13	101	0.0
12	563	0.0
2	151	0.0
2	571	0.0
0	195	0.0
12	449	-0.002357286506470051
0	166	0.0
0	639	0.0
12	570	0.0
12	45	0.0
1	176	0.0
2	26	0.0
0	505	0.0
1	155	-0.002357286506470051
12	443	0.0
12	131	0.0
1	472	0.0
1	340	0.0
12	39	0.0
0	421	0.0
12	646	0.0
0	336	0.0
1	178	0.0
2	540	0.0
1	484	0.0
12	43	0.0
12	631	0.0
12	142	0.0
12	165	-0.0010742722855014912
14	426	0.0
12	254	0.0
2	550	0.0
13	31	0.0
13	266	0.0
14	211	0.0
1	337	0.0
14	17	-0.0010742722855014912
0	574	0.0
2	634	0.0
2	61	0.0
0	68	0.0
2	174	0.0
13	554	0.0
12	160	-0.002357286506470051
0	23	0.0
14	226	0.0
12	405	0.0
1	21	0.0
13	201	0.0
1	379	0.0
14	268	0.0
12	237	0.0
1	259	0.0
1	624	0.0
13	404	0.0
12	529	0.0
1	114	0.0
2	636	0.0
12	427	0.0
12	589	0.0
12	248	0.0
0	543	0.0
0	548	0.0
14	424	0.0
1	599	0.0
12	137	0.0
2	281	0.0
12	184	0.0
2	311	0.0
13	545	0.0
13	215	-0.002357286506470051
0	86	0.0
13	323	0.0
0	16	0.0
12	321	0.0
0	157	0.0
2	93	0.0
1	354	0.0
13	56	0.0
13	623	0.0
12	247	0.0
14	263	0.0
12	381	0.0
14	638	0.0
14	415	0.0
13	446	0.0
1	458	0.0
14	365	0.0
12	538	0.0
13	590	0.0
14	525	0.0
1	301	0.0
2	35	0.0
12	15	0.005202303724119155
13	594	0.0
14	240	0.0
1	186	0.0
1	258	0.0
14	24	0.0
0	645	0.0
2	409	0.0
13	626	0.0
13	536	0.0
2	504	0.0
14	297	0.0
12	327	0.0
0	466	0.0
1	419	0.0
1	377	0.0
14	203	0.0
14	84	0.0
13	530	0.0
12	230	0.0
13	373	0.0
12	100	0.0
2	3	-0.002357286506470051
14	453	0.0
2	338	0.0
14	298	0.0
12	408	0.0
12	105	0.0
12	233	0.0
14	109	0.0
1	143	0.0
12	197	0.0
12	339	0.0
1	490	0.0
2	124	0.0
0	407	0.0
13	396	0.0
14	647	0.0
14	0	-0.05974729986187869
13	539	0.0
0	10	-0.0010742722855014912
2	444	0.0
0	533	0.0
12	125	0.0
1	80	0.0
0	275	0.0
13	302	0.0
13	416	0.0
2	108	0.0
12	305	0.0
14	557	0.0
12	597	0.0
12	608	0.0
2	163	0.0
12	41	0.0
14	546	0.0
2	229	0.0
2	332	0.0
2	347	0.0
0	406	0.0
1	285	0.0
12	74	0.0
12	465	0.0
12	489	0.0
1	521	0.0
13	49	0.0
13	640	0.0
0	85	0.0
13	104	0.0
13	524	0.0
14	561	0.0
14	326	0.0
1	71	0.0
2	245	0.0
13	455	0.0
2	40	0.0
13	139	0.0
0	369	0.0
0	106	0.0
0	515	0.0
0	52	0.0
0	179	0.0
12	370	0.0
12	392	0.0
14	119	0.0
13	1	-0.08997433735190678
14	350	0.0
14	519	0.0
0	456	0.0
1	269	0.0
2	180	0.0
14	309	0.0
13	6	0.059746808896285655
14	452	-0.0010742722855014912
0	588	0.0
12	73	0.0
14	113	0.0
14	400	0.0
14	630	0.0
12	236	0.0
1	620	0.0
1	603	0.0
1	349	0.0
0	547	0.0
0	252	0.0
2	610	0.0
12	553	0.0
12	241	0.0
0	243	0.0
0	72	0.0
0	50	0.0
0	133	0.0
13	596	0.0
1	417	0.0
2	569	0.0
14	4	-0.05974729986187869
14	288	0.0
14	359	0.0
12	499	-0.002357286506470051
12	534	0.0
2	152	0.0
14	132	0.0
13	122	0.0
13	578	0.0
0	129	0.0
1	18	0.0
14	22	-0.002357286506470051
14	609	0.0
2	98	0.0
1	304	0.0
1	348	0.0
14	167	0.005202303724119155
0	397	0.0
2	134	0.0
0	511	0.0
2	46	0.0
13	388	0.0
0	475	0.0
14	470	0.0
13	205	0.0
14	182	0.0
1	260	0.0
2	528	0.0
14	272	0.0
2	502	0.0
2	552	0.0
12	329	0.0
14	76	0.0
14	371	0.0
1	537	0.0
14	234	0.0
12	306	0.0
12	378	0.0
12	387	0.0
12	363	0.0
13	324	0.0
13	343	0.0
14	235	0.0
14	413	0.0
2	191	0.0
1	92	0.0
14	402	0.0
13	196	0.0
14	188	0.0
2	279	0.0
14	256	0.0
2	335	0.0
0	331	0.0
2	116	0.0
1	189	0.0
14	138	0.0
0	198	0.0
2	414	0.0
2	358	0.0
12	192	0.0
0	151	0.0
0	571	0.0
1	398	0.0
1	351	0.0
13	580	0.0
0	26	0.0
14	278	0.0
2	172	0.0
12	487	0.0
12	102	0.0
14	63	0.0
2	32	0.0
12	600	0.0
1	457	0.0
1	290	0.0
2	497	0.0
2	77	0.0
1	273	0.0
2	193	0.0
0	540	0.0
12	356	0.0
13	403	0.0
13	357	0.0
12	432	0.0
12	231	0.0
0	550	0.0
2	380	0.0
2	390	0.0
12	316	0.0
1	558	0.0
1	382	0.0
14	598	0.0
14	510	0.0
14	360	0.0
13	622	0.0
12	299	0.0
13	584	0.0
1	216	0.0
2	146	0.0
0	634	0.0
0	61	0.0
0	174	0.0
2	224	0.0
1	375	0.0
2	314	0.0
1	428	0.0
14	159	-0.002357286506470051
12	313	0.0
2	433	0.0
13	115	0.0
12	579	0.0
0	636	0.0
1	542	0.0
12	367	0.0
0	281	0.0
0	311	0.0
2	420	0.0
1	575	0.0
1	500	0.059746808896285655
14	431	0.0
14	386	0.0
12	619	0.0
0	93	0.0
2	562	0.0
12	57	0.0
14	287	0.0
13	293	0.0
1	169	0.0
14	99	0.0
1	154	-0.0010742722855014912
1	64	0.0
13	176	0.0
12	434	0.0
13	155	0.0
12	389	0.0
13	472	0.0
13	340	0.0
0	35	0.0
1	448	0.0
2	28	0.0
13	178	0.0
2	227	0.0
1	411	0.0
0	409	0.0
13	484	0.0
0	504	0.0
2	641	0.0
2	213	0.059746808896285655
14	401	0.0
14	60	0.0
12	127	0.0
13	337	0.0
1	535	0.0
2	613	0.0
12	635	0.0
14	531	0.0
14	481	0.0
0	3	0.005202303724119155
2	144	0.0
0	338	0.0
14	346	0.0
13	21	-0.0010742722855014912
13	379	0.0
14	437	0.0
13	259	0.0
13	624	0.0
13	114	0.0
0	124	0.0
2	136	0.0
13	599	0.0
14	617	0.0
2	495	0.0
0	444	0.0
2	38	0.0
1	426	0.0
14	393	0.0
12	412	0.0
0	108	0.0
2	265	0.0
1	211	0.0
1	17	0.0
0	163	0.0
14	492	0.0
14	53	0.0
0	229	0.0
2	11	0.005202303724119155
0	332	0.0
12	217	0.0
0	347	0.0
2	94	0.0
13	354	0.0
12	376	0.0
14	282	0.0
14	439	0.0
1	226	0.0
12	506	0.0
2	522	0.0
14	441	0.0
1	268	0.0
0	245	0.0
13	458	0.0
2	291	0.0
12	121	0.0
0	40	0.0
13	301	0.0
1	424	0.0
2	255	0.0
13	186	0.0
13	258	0.0
2	507	0.0
12	37	0.0
14	632	0.0
14	527	0.0
14	482	0.0
0	180	0.0
2	267	0.0
14	503	0.0
13	419	0.0
13	377	0.0
2	164	0.0
14	289	0.0
1	263	0.0
14	33	0.0
12	118	0.0
1	638	0.0
12	372	0.0
14	270	0.0
12	395	0.0
1	415	0.0
1	365	0.0
12	249	0.0
0	610	0.0
1	525	0.0
2	170	0.0
14	202	0.0
0	569	0.0
2	568	0.0
1	240	0.0
14	317	0.0
13	143	0.0
14	435	0.0
12	587	0.0
1	24	0.0
13	490	0.0
0	152	0.0
14	532	0.0
14	153	0.0
0	98	0.0
1	297	0.0
12	158	0.0
2	173	0.0
0	134	0.0
0	46	0.0
14	219	0.0
13	80	0.0
2	644	0.0
1	203	0.002357181530274173
0	528	0.0
12	96	0.0
0	502	0.0
1	84	0.0
0	552	0.0
2	246	0.0
12	20	-0.0010742722855014912
2	141	0.0
13	285	0.0
1	453	0.0
1	298	0.0
13	521	0.0
2	520	0.0
12	27	0.0
1	109	0.0
0	191	0.0
13	71	-0.002357286506470051
12	145	0.0
0	279	0.0
1	647	0.0
0	335	0.0
0	116	0.0
1	0	-5.860148091549152e-5
14	483	0.0
0	414	0.0
0	358	0.0
12	616	0.0
14	274	0.0
14	62	0.0
12	325	0.0
1	557	0.0
14	606	0.0
2	66	0.0
2	101	0.0
13	269	0.0
14	54	0.0
12	478	0.0
1	546	0.0
14	585	0.0
12	595	0.0
12	300	0.0
12	486	0.0
0	172	0.0
0	32	0.0
14	468	0.0
0	497	0.0
0	77	0.0
0	193	0.0
1	561	0.0
1	326	0.0
14	399	0.0
13	603	0.0
13	620	0.0
13	349	0.0
0	380	0.0
0	390	0.0
13	417	0.0
2	31	0.0
2	266	0.0
1	119	0.0
1	350	0.0
12	206	0.0
1	519	0.0
0	146	0.0
14	130	0.0
0	224	0.0
13	18	-0.002357286506470051
13	304	0.0
13	348	0.0
0	314	0.0
14	123	0.0
14	228	0.0
12	454	0.0
2	554	0.0
1	309	0.0
14	592	-0.0010742722855014912
14	264	0.0
1	452	0.0
13	260	0.0
0	433	0.0
12	436	0.0
12	253	0.0
2	201	-0.002357286506470051
1	113	0.0
12	438	0.0
1	400	0.0
14	430	0.0
2	404	0.0
1	630	0.0
13	537	0.0
0	420	0.0
14	518	0.0
2	545	0.0
2	215	-0.08997433735190678
14	207	0.0
1	4	-0.0010742722855014912
1	359	0.0
1	288	0.0
2	323	0.0
13	92	0.0
12	621	0.0
14	14	0.3476822977216574
12	361	0.0
14	601	0.0
1	132	0.0
0	562	0.0
1	22	0.0
1	609	0.0
14	190	0.0
1	167	0.0
14	582	0.0
13	189	0.0
2	56	-0.0010742722855014912
1	470	0.0
12	485	0.0
2	623	0.0
12	48	0.0
1	182	0.0
14	112	0.0
1	272	0.0
13	398	0.0
13	351	0.0
1	76	0.0
12	150	0.0
14	251	0.0
1	371	0.0
2	446	0.0
2	590	0.0
1	234	0.0
13	457	0.0
13	290	0.0
0	28	0.0
2	594	0.0
13	273	0.0
0	227	0.0
12	567	0.0
1	235	0.0
1	413	0.0
12	79	0.0
12	239	0.0
1	402	0.0
2	626	0.0
0	641	0.0
14	451	0.002357181530274173
2	536	0.0
14	469	0.0
12	366	0.0
1	188	0.0
0	213	-0.08997433735190678
1	256	0.0
13	558	0.0
12	471	0.0
13	382	0.0
12	488	0.0
1	138	0.0
12	59	0.0
0	613	0.0
12	526	0.0
2	530	0.0
12	103	0.0
13	216	0.0
2	373	0.0
13	375	0.0
0	144	0.0
1	278	0.0
13	428	0.0
1	63	0.0
12	513	0.0
13	542	0.0
0	136	0.0
12	637	0.0
2	396	0.0
0	495	0.0
14	47	0.0
14	362	0.0
0	38	0.0
2	539	0.0
12	633	0.0
14	261	0.0
12	480	0.0
2	302	0.0
2	416	0.0
0	265	0.0
13	575	0.0
12	551	0.0
1	598	0.0
13	500	0.002357181530274173
1	510	0.0
1	360	0.0
12	447	0.005202303724119155
0	11	-0.002357286506470051
12	183	0.0
14	643	0.0
12	422	0.0
0	94	0.0
13	169	0.0
12	464	0.0
14	440	0.0
2	49	0.0
13	154	0.0
0	522	0.0
1	159	0.0
2	640	0.0
2	104	0.0
2	524	0.0
13	64	0.0
0	291	0.0
2	455	0.0
12	185	0.0
0	255	0.0
13	448	-0.0010742722855014912
2	139	0.0
0	507	0.0
12	232	0.0
12	292	0.0
13	411	0.0
2	1	-5.859717419976318e-5
14	516	0.0
0	267	0.0
14	573	0.0
1	431	0.0
14	345	0.0
1	386	0.0
1	287	0.0
2	6	-0.0010742722855014912
0	164	0.0
13	535	0.0
14	572	0.0
1	99	0.0
14	604	0.0
12	445	0.0
14	90	0.0
14	194	0.0
0	170	0.0
0	568	0.0
2	596	0.0
14	34	0.0
12	218	0.0
14	78	0.0
12	187	0.0
2	122	0.0
2	578	0.0
12	459	0.0
0	173	0.0
14	549	0.0
12	611	0.0
13	426	0.0
1	401	0.0
1	60	0.0
0	644	0.0
2	388	0.0
2	205	0.0
13	211	0.0
13	17	-0.0010742722855014912
0	246	0.0
14	295	0.0
1	531	0.0
1	481	0.0
14	277	0.0
0	141	0.0
12	221	0.0
14	284	0.0
0	520	0.0
14	330	0.0
13	226	0.0
1	346	0.0
2	324	0.0
2	343	0.0
14	508	0.0
1	437	0.0011042721270483262
13	268	0.0
2	196	0.0
14	244	0.0
13	424	0.0
1	617	0.0
12	70	0.0011042721270483262
14	51	0.0
12	55	0.0
12	225	0.0
1	393	0.0
0	66	0.0
0	101	0.0
1	492	0.0
1	53	0.0
14	565	0.0
2	580	-0.0010742722855014912
1	439	0.005202303724119155
14	320	0.0
1	282	0.0
14	262	0.0
14	208	0.0
14	223	0.0
13	263	0.0
1	441	0.0
2	403	0.0
13	638	0.0
13	415	0.0
13	365	0.0
2	357	0.0
13	525	0.0
12	442	0.0
12	629	0.0
0	31	0.0
13	240	0.0
0	266	0.0
14	82	0.0
12	140	0.0
14	474	0.0
13	24	0.0
1	632	0.0
1	527	0.0
14	212	0.0
2	622	0.0
1	482	0.0
2	584	0.0
14	322	0.0
12	564	0.0
13	297	0.0
14	496	0.0
1	503	0.0
0	554	0.0
14	12	-5.860013506682641e-5
13	203	0.0
13	84	0.0
0	201	-0.0010742722855014912
12	238	0.0
14	368	0.0
1	289	0.0
2	115	0.0
0	404	0.0
1	33	0.0
12	501	0.0
1	270	0.0
12	110	0.0
13	453	0.0
13	298	0.0
12	541	0.0
14	333	0.0
0	545	0.0
0	215	0.059746808896285655
14	514	0.0
12	107	0.0
1	202	-0.0010742722855014912
13	109	0.0
0	323	0.0
1	317	0.0
1	435	0.002357181530274173
12	555	0.0
1	532	0.0
13	647	0.0
1	153	0.0011042721270483262
13	0	-0.05974729986187869
1	219	0.0
0	56	0.0011042721270483262
2	293	0.0
12	618	0.0
0	623	0.0
13	557	0.0
13	546	0.0
12	374	0.0
0	446	0.0
0	590	0.0
2	176	0.0
14	88	0.0
14	494	0.0
2	155	0.005202303724119155
14	162	0.0
2	472	0.0
2	340	0.0
0	594	0.0
2	178	0.0
13	561	0.0
13	326	0.0
0	626	0.0
2	484	0.0
0	536	0.0
12	280	0.0
12	559	0.0
12	463	0.0
1	483	0.0
14	9	0.059746808896285655
13	119	0.0
2	337	0.0
0	530	0.0
1	274	0.0
1	62	0.0
13	350	0.0
12	627	0.0
13	519	0.0
0	373	0.0
1	606	0.0
12	517	0.0
1	54	0.002357181530274173
1	585	0.0
13	309	0.0
12	576	0.0
12	607	0.0
14	467	0.0
14	460	0.0
14	81	0.0
13	452	-0.002357286506470051
1	468	0.0
14	312	0.0
2	21	0.0
12	111	0.0
13	113	0.0
12	29	0.0
2	379	0.0
12	75	0.0
13	400	0.0
2	259	0.0
2	624	0.0
13	630	0.0
2	114	0.0
12	334	0.0
14	625	0.0
1	399	0.0
0	396	0.0
14	2	-0.08997433735190678
14	342	0.0
2	599	0.0
12	44	0.0
0	539	0.0
12	583	0.0
0	302	0.0
0	416	0.0
13	4	-0.08997433735190678
13	359	0.0
13	288	0.0
12	364	0.0
12	168	0.0
12	491	0.0
12	544	0.0
12	341	0.0
1	130	0.0
13	132	0.0
13	22	-0.0010742722855014912
13	609	0.0
13	167	0.002357181530274173
1	123	0.0
1	228	0.0
12	612	0.0
2	354	0.0
1	592	-0.08997433735190678
12	83	0.0
13	470	0.0
1	264	0.0
0	49	0.0
0	640	0.0
14	171	0.0
13	182	0.0
13	272	0.0
12	8	-0.05974729986187869
0	104	0.0
0	524	0.0
12	476	0.0
13	76	0.0
13	371	0.0
1	430	0.0
2	458	0.0
0	455	0.0
13	234	0.0
14	410	0.0
2	301	0.0
0	139	0.0
12	25	0.0
2	186	0.0
2	258	0.0
1	518	0.0
0	1	-5.859717419976318e-5
13	235	0.0
13	413	0.0
1	207	0.0
12	308	0.0
12	220	0.0
13	402	0.0
12	425	0.0
1	14	-0.05974729986187869
13	188	0.0
1	601	0.0
13	256	0.0
12	383	0.0
12	36	0.0
2	419	0.0
2	377	0.0
1	190	0.0
1	582	0.0
12	642	0.0
0	6	-0.0010742722855014912
13	138	0.0
14	394	0.0
1	112	0.0
12	512	0.0
12	294	0.0
1	251	0.0
12	344	0.0
13	278	0.0
13	63	0.0
14	473	0.0
0	596	0.0
14	310	0.0
14	250	0.0
2	143	0.0
2	490	0.0
0	122	0.0
0	578	0.0
1	451	0.0
1	469	0.0
0	388	0.0
2	80	0.0
0	205	0.0
13	598	0.0
