0	54	7.518231287935621e-7
2	565	0.0
1	662	0.0
2	151	-6.734812831082934e-6
2	127	0.0
0	195	7.518231287935621e-7
2	571	0.0
0	585	4.093771183120853e-5
0	166	-6.734812831082934e-6
0	639	0.0
1	766	7.518231287935621e-7
0	698	0.0
0	230	-3.3501087084819835e-6
1	176	0.0
2	26	0.0
0	736	0.0
2	635	-7.225142082252109e-8
0	505	0.0
0	100	-8.367743964262946e-7
1	155	0.000951319947427945
2	285	0.0
0	468	0.0
1	329	0.0
1	472	0.0
2	320	0.0
2	262	0.0
2	521	0.0
0	705	0.0
0	752	0.0
2	208	0.0
1	340	7.518231287935621e-7
2	765	6.734812831082934e-6
0	324	0.0
2	223	0.0
0	343	0.0
0	421	0.0
1	306	0.0
0	755	0.0
0	336	-8.495445278911125e-7
1	378	0.0
1	178	0.0
1	387	0.0
0	408	0.0
1	363	0.0
2	71	0.0
0	399	0.0
2	540	0.0
0	196	3.367406415541467e-6
0	105	-3.51176219631286e-7
0	233	-6.734812831082934e-6
1	484	0.0
0	197	6.734812831082934e-6
0	339	7.518231287935621e-7
1	407	0.0
1	47	3.367406415541467e-6
1	362	0.0
2	550	0.0
1	745	0.0
1	744	0.0
2	82	0.0
1	261	0.0
2	474	0.0
0	757	0.0
1	760	7.518231287935621e-7
1	10	-0.0009103822355967364
1	533	0.0
0	666	7.518231287935621e-7
0	720	-8.495445278911125e-7
0	671	0.0
1	275	0.0
1	337	2.500564180590871e-6
0	125	0.0
2	212	0.0
2	269	0.0
0	130	0.0
2	322	0.0
0	574	0.0
1	702	0.0
2	412	0.0
0	305	0.0
2	496	0.0
0	123	0.0
0	580	3.367406415541467e-6
0	228	2.500564180590871e-6
0	597	1.0854042375417963e-5
2	634	-8.367743964262946e-7
2	61	0.0
0	68	0.0
0	608	8.367743964262946e-7
1	192	0.0
2	174	0.0
1	643	0.0
0	592	0.0
0	41	0.0
2	12	0.0
0	264	0.0
2	726	-3.367406415541467e-6
0	23	6.734812831082934e-6
1	440	0.0
0	669	0.0
0	715	0.0
1	406	0.0
2	217	0.0
2	368	0.0
1	21	6.734812831082934e-6
0	403	0.0
0	430	0.0
2	376	-6.734812831082934e-6
1	379	0.0
0	74	0.0
0	465	0.0
0	489	0.0
1	85	2.500564180590871e-6
1	259	0.0
1	624	0.0
1	487	0.0
1	102	0.0
1	114	0.0
2	603	0.0
1	600	0.0
2	620	-0.0009103822355967364
0	357	0.0
2	636	0.0
0	712	0.0
2	506	0.0
2	349	0.0
0	543	0.0
0	651	0.0
0	548	0.0
1	599	-3.367406415541467e-6
1	356	0.0
2	333	0.0
0	518	0.0
2	281	0.0
0	733	0.0
2	311	0.0
2	514	0.0
2	417	0.0
0	207	0.0
2	121	0.0
1	369	0.0
1	106	2.159146969647598e-6
1	432	0.0
0	86	0.0
1	515	0.0
1	746	0.0
1	231	-3.367406415541467e-6
1	52	2.159146969647598e-6
1	179	0.0
0	622	-6.734812831082934e-6
0	14	0.0
0	584	0.000951319947427945
0	370	0.0
0	601	0.0
0	16	8.367743964262946e-7
0	392	-8.367743964262946e-7
2	37	0.0
1	316	0.0
1	456	0.0
1	516	0.0
0	738	0.0
2	18	8.367743964262946e-7
1	573	0.0
1	658	0.0
2	304	0.0
0	157	-3.3501087084819835e-6
0	190	6.734812831082934e-6
2	348	0.0
0	582	-0.0009103822355967364
1	345	0.0
2	657	0.0
2	93	0.0
1	299	0.0
1	354	0.0
0	735	0.0
2	260	0.0
0	112	0.0
2	759	6.734812831082934e-6
0	115	0.0
1	572	0.0
1	588	0.0
0	251	0.0
1	604	0.0
0	73	0.0
2	537	0.0
0	673	0.0
2	88	0.0
1	458	0.0
2	494	0.0
1	90	-6.734812831082934e-6
2	162	0.0
1	313	0.0
0	649	0.0
1	717	0.0
2	711	0.0
2	118	0.0
1	301	0.0
0	236	-8.367743964262946e-7
1	547	0.0
1	194	0.0
1	252	0.0
2	372	0.0
1	579	3.367406415541467e-6
2	35	0.0
2	395	2.159146969647598e-6
2	249	0.0
1	728	6.734812831082934e-6
0	751	0.0
1	186	6.734812831082934e-6
1	243	0.0
1	72	0.0
0	241	0.0
1	50	0.0
1	258	0.0
0	553	0.0
1	34	0.0
1	133	0.0
2	92	7.518231287935621e-7
0	645	0.0
1	367	0.0
1	764	6.734812831082934e-6
0	451	0.0
1	78	0.0
2	409	0.0
0	469	0.0
0	499	0.0
2	504	0.0
0	534	0.0
1	650	0.0
0	466	0.0
2	587	-0.0009103822355967364
1	750	0.0
1	549	0.0
1	419	0.0
0	293	0.0
1	129	0.0
2	189	-6.734812831082934e-6
1	377	-6.734812831082934e-6
2	9	0.0
1	397	0.0
1	723	-3.367406415541467e-6
1	511	0.0
2	158	-8.495445278911125e-7
0	662	0.0
1	475	0.0
1	619	4.093771183120853e-5
1	57	0.0
2	398	0.0
2	351	0.0
0	766	6.734812831082934e-6
1	684	0.0
1	295	0.0
0	176	0.0
2	96	0.0
0	155	0.0
1	697	0.0
2	3	0.0
1	277	0.0
0	329	0.0
0	472	0.0
1	284	0.0
0	340	-3.367406415541467e-6
2	721	3.3501087084819835e-6
2	338	2.500564180590871e-6
2	460	0.0
2	20	-7.225142082252109e-8
2	81	0.0
2	457	0.0
2	290	0.0
1	330	0.0
0	306	0.0
2	312	0.0
2	467	0.0
2	691	0.0
0	378	0.0
0	178	0.0
2	273	0.0
0	387	0.0
1	434	0.0
0	363	0.0
1	508	0.0
1	667	1.0854042375417963e-5
1	389	0.0
1	143	0.0
2	762	3.367406415541467e-6
0	484	0.0
2	625	-3.3501087084819835e-6
2	675	0.0
2	27	0.0
1	490	0.0
2	740	0.0
2	2	0.006896583758818069
2	124	0.0
2	342	0.0
0	407	0.0
2	654	0.0
0	47	-6.734812831082934e-6
1	244	0.0
0	362	0.0
0	745	0.0
2	679	0.0
0	744	0.0
0	261	0.0
1	51	8.367743964262946e-7
2	558	0.0
0	760	3.367406415541467e-6
0	10	0.0
2	444	0.0
2	382	0.0
0	533	0.0
2	145	0.0
2	672	0.0
1	80	0.0
1	767	3.367406415541467e-6
0	275	0.0
1	331	0.0
0	337	0.0
2	108	0.0
1	198	0.0
1	678	0.0
0	702	0.0
2	660	0.0
2	216	0.0
2	163	0.0
1	565	0.0
2	229	0.0
0	192	-1.1798121397845769e-5
2	616	-6.734812831082934e-6
0	643	0.0
1	151	1.0854042375417963e-5
1	127	0.0
2	325	0.0
1	571	0.0
2	332	0.0
2	375	-6.734812831082934e-6
0	440	0.0
1	26	0.0
2	347	2.159146969647598e-6
1	635	-8.367743964262946e-7
0	406	0.0
2	478	0.0
1	285	0.0
2	428	2.159146969647598e-6
0	21	1.0854042375417963e-5
1	320	0.0
1	262	0.0
2	171	0.0
1	521	0.0
2	595	0.0
1	208	0.0
2	300	0.0
0	379	0.0
2	486	0.0
1	223	0.0
2	670	0.0
1	765	6.734812831082934e-6
0	85	-3.3501087084819835e-6
0	259	0.0
0	624	-8.495445278911125e-7
0	487	0.0
0	102	0.0
0	114	0.0
0	600	0.0
1	71	0.0
1	540	0.0
2	245	0.0
2	410	0.0
2	542	0.0
0	599	-6.734812831082934e-6
2	653	0.0
0	356	0.0
2	40	0.0
2	716	0.0
0	369	0.0
0	106	0.0
0	432	0.0
2	753	0.0
0	515	0.0
1	550	0.0
0	231	7.518231287935621e-7
0	52	8.367743964262946e-7
0	179	0.0
0	746	0.0
1	82	0.0
1	474	0.0
2	575	0.0
2	500	0.0
0	316	0.0
0	456	0.0
0	516	0.0
1	212	0.0
1	269	0.0
0	573	0.0
0	658	0.0
2	180	0.0
1	322	0.0
1	412	0.0
2	686	0.0
1	496	0.0
0	345	-3.51176219631286e-7
1	634	2.159146969647598e-6
0	299	0.0
1	61	2.500564180590871e-6
2	206	2.500564180590871e-6
1	174	0.0
0	354	0.0
2	169	0.0
2	707	0.0
1	12	0.0
2	763	6.734812831082934e-6
2	722	2.500564180590871e-6
0	572	0.0
0	588	2.500564180590871e-6
1	726	-6.734812831082934e-6
2	743	7.518231287935621e-7
2	394	-8.367743964262946e-7
2	154	0.000951319947427945
0	604	0.0
2	454	0.0
1	217	0.0
1	368	0.0
2	64	0.0
0	458	0.0
1	376	7.518231287935621e-7
0	90	7.518231287935621e-7
0	717	0.0
0	313	0.0
2	436	0.0
1	620	0.0
2	253	0.0
1	603	0.0
0	301	0.0
1	636	0.0
2	438	0.0
1	506	0.0
1	349	0.0
0	194	0.0
0	252	0.0
0	547	0.0
0	579	7.518231287935621e-7
2	610	0.0
2	448	0.0
2	473	0.0
0	186	7.518231287935621e-7
0	243	0.0
0	72	0.0
0	258	0.0
0	50	0.0
2	310	0.0
1	333	0.0
0	34	0.0
0	133	0.0
1	281	0.0
2	250	0.0
1	311	0.0
1	514	0.0
0	728	-3.367406415541467e-6
1	417	0.0
0	367	0.0
1	121	0.0
2	569	0.0
2	411	0.0
0	764	3.367406415541467e-6
0	78	0.0
0	650	0.0
0	750	0.0
2	152	7.518231287935621e-7
2	689	0.0
1	37	-1.1798121397845769e-5
0	549	0.0
0	419	0.0
0	129	0.0
1	18	0.0
2	621	6.734812831082934e-6
2	98	0.0
1	304	0.0
1	348	0.0
0	377	-6.734812831082934e-6
0	397	0.0
0	723	7.518231287935621e-7
2	134	0.0
0	511	0.0
2	46	3.367406415541467e-6
1	657	0.0
1	93	0.0
2	361	0.0
0	475	0.0
2	535	0.0
0	619	0.0
0	57	-3.51176219631286e-7
0	684	0.0
1	260	0.0
0	295	0.0
2	528	0.0
2	502	0.0
2	552	0.0
1	759	3.367406415541467e-6
2	732	0.0
0	697	0.0
2	493	0.0
2	199	0.0
0	277	0.0
2	485	0.0
0	284	0.0
1	537	0.0
2	48	0.0
1	88	2.159146969647598e-6
1	494	0.0
2	714	0.0
1	162	0.0
0	330	0.0
2	150	3.367406415541467e-6
1	711	0.0
1	118	0.0
0	434	0.0
0	508	0.0
2	661	0.0
0	389	0.0
0	667	-6.734812831082934e-6
1	372	0.0
2	739	0.0
1	35	0.0
1	395	-8.367743964262946e-7
0	143	0.0
1	249	0.0
2	191	7.518231287935621e-7
0	490	0.0
1	92	6.734812831082934e-6
0	244	0.0
2	214	0.0
2	89	-3.51176219631286e-7
1	409	0.0
2	577	0.0
2	567	0.0
0	51	-7.225142082252109e-8
2	79	0.0
2	279	0.0
2	239	0.0
1	504	0.0
0	767	6.734812831082934e-6
1	587	0.000951319947427945
2	426	8.367743964262946e-7
0	80	0.0
2	335	0.0
0	331	0.0
2	116	0.0
1	189	6.734812831082934e-6
0	198	-7.225142082252109e-8
2	271	0.0
0	678	0.0
1	9	0.0
2	366	0.0
2	414	0.0
2	358	0.0
2	211	0.0
2	17	-3.51176219631286e-7
2	681	0.0
1	158	0.0
0	565	0.0
2	471	0.0
0	151	-6.734812831082934e-6
0	127	0.0
2	488	0.0
0	571	0.0
1	398	0.0
1	351	0.0
2	59	-7.225142082252109e-8
0	26	0.0
2	526	0.0
0	635	0.0
2	103	0.0
1	96	0.0
2	685	0.0
0	285	0.0
1	3	-0.000951319947427945
0	320	0.0
0	262	0.0
0	521	0.0
0	765	1.0854042375417963e-5
2	172	0.0
0	208	0.0
1	721	2.500564180590871e-6
2	226	0.0
2	32	-7.225142082252109e-8
1	20	0.0
1	81	0.0
0	223	0.0
1	290	0.0
1	338	-3.3501087084819835e-6
1	457	0.0
1	312	0.0
1	460	0.0
1	467	0.0
2	77	0.0
2	497	0.0
1	691	0.0
1	273	0.0
2	193	0.0
0	71	0.0
2	268	0.0
0	540	0.0
1	762	6.734812831082934e-6
1	625	2.500564180590871e-6
1	675	0.0
1	27	-8.367743964262946e-7
1	740	0.0
1	2	0.0
1	124	0.0
1	342	0.0
1	654	0.0
2	424	0.0
2	315	0.0
2	523	0.0
2	741	-6.734812831082934e-6
0	550	0.0
2	380	0.0
1	679	0.0
2	390	-8.367743964262946e-7
2	513	0.0
0	82	0.0
0	474	0.0
2	566	0.0
2	637	0.0
1	558	0.0
2	730	-0.000951319947427945
2	690	0.0
1	444	0.0
1	382	0.0
1	145	7.028108259580925e-5
1	672	0.0
0	212	0.0
0	269	0.0
2	628	0.0
2	676	0.0
1	108	0.0
0	322	0.0
0	412	0.0
2	177	0.0
2	633	0.0
1	660	0.0
1	216	0.0
0	496	0.0
2	480	0.0
2	749	0.0
2	146	-1.1798121397845769e-5
1	163	0.0
0	634	0.0
2	692	0.0
0	61	3.3501087084819835e-6
2	708	0.0
1	229	-8.495445278911125e-7
1	616	7.518231287935621e-7
0	174	0.0
2	224	0.0
1	325	0.0
2	551	0.0
2	694	0.0
0	12	7.028108259580925e-5
2	314	0.0
1	332	0.0
1	375	3.367406415541467e-6
2	447	0.0
2	183	0.0
0	726	7.518231287935621e-7
1	347	-8.367743964262946e-7
2	242	2.500564180590871e-6
1	478	0.0
0	217	0.0
1	428	0.0
0	368	0.0
2	263	0.0
2	422	0.0
1	595	-3.51176219631286e-7
1	171	8.367743964262946e-7
2	433	0.0
1	300	0.0
0	376	3.367406415541467e-6
1	486	0.0
1	670	0.0
2	464	0.0
2	638	0.0
2	761	1.0854042375417963e-5
0	620	-0.000951319947427945
0	603	0.0
0	636	0.0
2	415	0.0
0	349	0.0
2	365	0.0
0	506	0.0
1	245	0.0
1	410	0.0
2	525	0.0
1	542	0.0
1	653	0.0
0	333	0.0
0	281	0.0
1	40	-0.0009103822355967364
0	311	0.0
0	514	0.0
2	147	0.0
0	417	0.0
0	121	0.0
1	716	0.0
2	420	0.0
2	240	0.0
1	753	0.0
2	185	4.093771183120853e-5
2	24	0.0
1	575	0.0
2	687	0.0
1	500	0.0
0	37	0.0
2	232	6.734812831082934e-6
2	319	0.0
0	18	2.159146969647598e-6
2	297	0.0
0	304	0.0
1	180	3.3501087084819835e-6
2	292	0.0
0	348	0.0
2	353	0.0
1	686	0.0
0	657	0.0
0	93	0.0
2	562	0.0
2	120	0.0
2	498	0.0
1	206	0.0
2	699	0.0
2	203	2.159146969647598e-6
1	169	0.0
1	707	0.0
0	260	0.0
2	84	0.0
0	759	7.518231287935621e-7
1	722	3.3501087084819835e-6
1	743	3.367406415541467e-6
1	763	1.0854042375417963e-5
1	394	-7.225142082252109e-8
2	719	0.0
1	154	-0.0009103822355967364
1	454	0.0
0	537	-3.51176219631286e-7
1	64	0.0
0	88	-8.367743964262946e-7
0	494	0.0
0	162	0.0
1	436	0.0
0	711	0.0
0	118	0.0
1	253	0.0
2	453	0.0
1	438	0.0
2	298	0.0
2	445	0.0
0	372	0.0
1	610	0.0
0	35	0.0
0	395	0.0
0	249	0.0
1	448	0.0
1	473	0.0
2	28	0.0
2	109	0.0
1	310	0.0
0	92	-3.367406415541467e-6
2	65	0.0
1	250	0.0
1	569	0.0
2	227	0.0
1	411	0.0
0	409	0.0
0	504	0.0
2	218	0.0
0	587	0.0
2	641	0.0
2	706	0.0
2	647	0.0
2	701	0.0
1	152	-6.734812831082934e-6
2	149	4.093771183120853e-5
1	689	0.0
2	0	0.0
0	189	1.0854042375417963e-5
2	213	0.0
2	187	-6.734812831082934e-6
1	621	-6.734812831082934e-6
1	98	0.0
0	9	4.093771183120853e-5
2	713	0.0
1	134	0.0
1	46	7.518231287935621e-7
0	158	0.0
1	361	0.0
2	557	0.0
2	459	0.0
1	535	0.0
2	611	0.0
2	613	0.0
0	398	0.0
0	351	0.0
1	528	0.0
1	502	0.0
2	546	0.0
1	552	0.0
2	704	0.0
2	200	2.159146969647598e-6
1	732	0.0
0	96	0.0
2	352	0.0
2	758	0.0
2	257	0.0
1	493	0.0
0	3	-0.0009103822355967364
1	199	-3.51176219631286e-7
1	485	0.0
2	175	0.0
1	48	0.0
2	144	0.0
0	721	0.0
0	338	0.0
0	460	0.0
0	20	8.367743964262946e-7
0	81	0.0
0	457	0.0
0	290	0.0
0	467	0.0
1	714	0.0
0	312	0.0
1	150	-6.734812831082934e-6
2	307	0.0
0	691	0.0
0	273	0.0
2	221	0.0
1	661	0.0
1	739	0.0
0	762	7.518231287935621e-7
2	561	0.0
0	625	0.0
2	326	0.0
0	675	0.0
1	191	-3.367406415541467e-6
0	27	2.159146969647598e-6
0	740	0.0
0	2	0.0
0	124	0.0
0	342	0.0
0	654	0.0
2	117	0.0
1	214	0.0
2	136	0.0
1	89	0.0
0	679	0.0
1	577	-1.1798121397845769e-5
1	567	0.0
1	79	0.0
1	279	0.0
1	239	0.0
0	444	0.0
0	382	0.0
2	495	0.0
0	145	0.0
2	38	-1.1798121397845769e-5
1	426	0.0
0	558	0.0
1	335	0.0
0	672	0.0
1	116	0.0
2	703	0.0
0	108	0.0
2	119	0.0
1	271	0.0
1	366	0.0
2	70	0.0
2	265	0.0
2	350	0.0
0	216	0.0
1	358	0.0
1	211	0.0
1	17	0.0
0	163	0.0
1	414	0.0
2	128	0.0
2	55	6.734812831082934e-6
2	519	0.0
0	660	0.0
0	229	0.0
0	616	-3.367406415541467e-6
2	225	0.0
1	471	0.0
0	325	0.0
1	488	0.0
1	681	0.0
2	11	-0.0009103822355967364
2	69	0.0
0	332	0.0
0	375	7.518231287935621e-7
1	59	8.367743964262946e-7
2	309	0.0
0	347	0.0
1	526	0.0
2	283	0.0
1	103	0.0
0	478	0.0
1	685	0.0
2	94	0.0
0	428	8.367743964262946e-7
0	595	0.0
0	171	2.159146969647598e-6
2	452	0.0
1	172	-7.225142082252109e-8
0	300	0.0
2	709	0.0
1	226	0.0
1	32	0.0
0	486	0.0
0	670	0.0
2	113	0.0
1	497	0.0
2	522	0.0
1	77	0.0
2	400	0.0
2	328	0.0
1	193	-1.1798121397845769e-5
2	630	-3.367406415541467e-6
1	268	0.0
0	245	0.0
0	410	0.0
0	542	0.0
2	291	0.0
0	653	0.0
0	40	0.000951319947427945
0	716	0.0
1	424	0.0
1	315	0.0
1	523	0.0
0	753	0.0
2	255	0.0
1	741	-6.734812831082934e-6
1	380	0.0
1	390	0.0
1	513	0.0
2	507	0.0
2	4	0.0
2	359	0.0
2	288	0.0
2	442	0.0
1	566	0.0
0	575	0.0
1	637	0.0
2	652	0.0
1	690	0.0
0	500	0.0
2	696	0.0
1	730	-0.0009103822355967364
1	676	0.0
1	628	0.0
2	391	0.0
2	629	0.0
0	180	2.500564180590871e-6
2	605	0.0
2	509	0.0
1	177	0.0
2	140	0.0
1	633	0.0
0	686	0.0
2	132	0.0
1	480	0.0
2	267	0.0
1	146	0.0
2	22	3.367406415541467e-6
1	692	0.0
2	42	0.000951319947427945
2	609	0.0
0	206	3.3501087084819835e-6
2	167	7.518231287935621e-7
1	708	0.0
1	224	0.0
1	694	0.0
1	749	0.0
1	551	0.0
0	169	0.0
0	707	0.0
1	314	0.0
0	763	6.734812831082934e-6
1	447	0.0
1	183	-0.000951319947427945
2	470	0.0
2	564	0.0
0	722	0.0
0	394	0.0
0	743	-6.734812831082934e-6
0	154	0.0
1	242	3.3501087084819835e-6
2	164	0.0
0	454	0.0
2	182	-8.495445278911125e-7
2	272	0.0
1	263	0.0
1	422	0.0
0	64	0.0
2	76	0.0
1	433	0.0
2	614	2.500564180590871e-6
2	371	0.0
1	464	0.0
0	436	0.0
2	384	0.0
1	638	0.0
2	234	-8.367743964262946e-7
0	253	0.0
1	761	6.734812831082934e-6
2	238	0.0
0	438	0.0
1	415	0.0
1	365	0.0
0	610	0.0
1	525	0.0
0	448	0.0
0	473	0.0
2	648	0.0
0	310	0.0
2	30	-8.367743964262946e-7
2	724	6.734812831082934e-6
2	170	0.0
2	501	0.0
0	250	0.0
1	147	0.000951319947427945
0	569	0.0
2	568	0.0
2	204	3.3501087084819835e-6
0	411	0.0
2	110	0.0
2	235	0.0
1	240	0.0
2	413	0.0
2	355	0.0
1	420	0.0
1	185	0.0
1	24	0.0
2	402	0.0
2	541	0.0
1	687	0.0
2	107	-7.225142082252109e-8
0	152	3.367406415541467e-6
0	689	0.0
2	188	7.518231287935621e-7
1	232	7.518231287935621e-7
1	319	0.0
0	621	1.0854042375417963e-5
2	256	0.0
0	98	0.0
1	297	0.0
1	292	0.0
1	353	0.0
2	173	-3.51176219631286e-7
2	97	0.0
0	134	0.0
2	655	0.0
0	46	-6.734812831082934e-6
0	361	0.0
2	555	0.0
1	562	0.0
1	120	0.0
2	138	0.0
1	498	0.0
0	535	0.0
2	644	0.0
1	203	8.367743964262946e-7
1	699	0.0
0	528	0.0
0	502	0.0
1	84	-3.3501087084819835e-6
0	552	0.0
0	732	0.0
2	135	0.0
1	719	0.0
2	618	-0.000951319947427945
0	493	0.0
0	199	0.0
2	246	0.0
0	485	0.0
0	48	-1.1798121397845769e-5
2	450	0.0
2	477	0.0
2	91	6.734812831082934e-6
0	714	0.0
2	278	0.0
2	141	0.0
0	150	7.518231287935621e-7
2	374	0.0
1	453	0.0
2	462	0.0
2	63	0.0
1	445	0.0
1	298	0.0
0	661	0.0
0	739	0.0
2	520	0.0
2	742	3.367406415541467e-6
2	756	0.0
2	656	0.0
2	754	0.0
1	28	-7.225142082252109e-8
1	109	0.0
0	191	-6.734812831082934e-6
2	729	0.0
1	65	0.0
1	227	0.0
0	214	0.0
0	89	0.0
2	210	0.0
0	577	0.0
0	567	0.0
0	79	0.0
0	279	0.0
0	239	0.0
1	218	0.0
1	706	0.0
1	641	0.0
0	426	-7.225142082252109e-8
1	647	0.0
1	701	0.0
0	335	0.0
0	116	0.0
1	149	0.0
1	0	0.0
1	213	0.0
1	187	1.0854042375417963e-5
0	271	0.0
0	366	0.0
0	414	0.0
2	280	0.0
0	358	0.0
1	713	0.0
0	211	0.0
0	17	0.0
2	559	0.0
0	681	-3.51176219631286e-7
2	598	-3.367406415541467e-6
1	557	0.0
1	459	0.0
2	510	0.0
2	66	0.0
2	101	-3.51176219631286e-7
2	360	0.0
0	471	0.0
2	463	0.0
0	488	0.0
1	611	0.0
1	613	-8.495445278911125e-7
0	59	0.0
1	546	0.0
0	526	0.0
2	627	0.0
1	200	0.0
0	103	0.0
1	704	0.0
1	352	0.0
0	685	0.0
2	423	0.0
1	257	0.0
2	700	0.0
1	758	0.0
2	517	0.0
1	175	0.0
0	172	8.367743964262946e-7
1	144	0.0
0	226	0.0
0	32	-8.367743964262946e-7
0	497	0.0
2	586	0.000951319947427945
2	695	0.0
0	77	0.0
2	159	0.0
1	307	0.0
0	193	0.0
1	221	0.0
2	576	0.0
0	268	0.0
2	303	0.0
2	607	0.0
2	683	-7.225142082252109e-8
1	561	0.0
1	326	0.0
2	718	0.0
2	111	0.0
2	29	-3.51176219631286e-7
0	424	0.0
2	75	0.0
0	315	0.0
1	117	0.0
0	523	0.0
1	136	2.159146969647598e-6
0	741	1.0854042375417963e-5
0	380	0.0
2	334	0.0
0	390	-7.225142082252109e-8
0	513	0.0
0	566	0.0
0	637	0.0
0	730	0.0
1	495	0.0
0	690	0.0
2	461	0.0
1	38	0.0
2	31	0.0
2	266	0.0
0	628	0.0
0	676	0.0
2	44	-0.0009103822355967364
1	703	0.0
1	119	0.0
2	479	0.0
0	633	-3.51176219631286e-7
1	70	0.0
0	177	0.0
1	265	0.0
1	350	0.0
1	519	0.0
0	480	0.0
2	583	0.0
0	146	0.0
2	602	0.0
2	19	0.0
1	55	1.0854042375417963e-5
1	128	0.0
0	692	0.0
0	708	0.0
0	749	0.0
0	224	0.0
1	225	0.0
0	694	0.0
0	551	0.0
1	11	-0.000951319947427945
1	69	0.0
0	314	0.0
2	364	0.0
2	386	0.0
2	168	0.0
2	431	0.0
2	491	0.0
0	447	0.0
0	183	-0.0009103822355967364
2	287	0.0
2	544	0.0
2	554	0.0
1	309	0.0
0	242	0.0
1	283	0.0
2	593	0.0
2	341	1.0854042375417963e-5
2	688	0.0
1	94	0.0
0	263	0.0
0	422	0.0
2	665	0.0
1	452	0.0
2	99	0.0
0	433	0.0
1	709	0.0
2	201	0.0
0	464	0.0
1	113	0.0
2	612	3.3501087084819835e-6
0	638	0.0
0	761	6.734812831082934e-6
1	522	0.0
2	83	0.0
1	400	0.0
0	415	0.0
1	328	0.0
0	365	0.0
2	404	0.0
1	630	6.734812831082934e-6
0	525	0.0
2	476	0.0
2	8	-0.0009103822355967364
1	291	0.0
2	296	0.0
2	680	0.0
0	147	-0.0009103822355967364
0	420	0.0
0	240	-8.495445278911125e-7
1	255	0.0
2	545	0.0
0	185	0.0
0	24	0.0
2	215	0.0
1	507	0.0
1	4	-0.0009103822355967364
2	67	0.0
1	288	0.0
2	323	0.0
1	359	0.0
1	442	0.0
1	652	0.0
0	687	0.0
1	696	0.0
0	232	-3.367406415541467e-6
2	25	0.0
0	319	0.0
2	7	0.0
2	95	0.0
0	297	0.0
1	391	-3.51176219631286e-7
2	209	0.0
0	292	0.0
0	353	0.0
1	629	0.0
2	727	6.734812831082934e-6
1	605	0.0
1	509	0.0
2	734	0.0
1	140	0.0
2	308	0.0
1	132	0.0
2	220	0.0
1	267	0.0
1	22	7.518231287935621e-7
2	60	0.0
1	42	0.0
0	120	0.0
2	401	0.0
1	167	-3.367406415541467e-6
0	203	0.0
0	498	0.0
0	562	0.0
1	609	0.0
2	425	0.0
2	429	0.0
0	699	0.0
0	84	2.500564180590871e-6
2	56	7.518231287935621e-7
2	383	0.0
1	470	0.0
2	36	0.0
1	564	0.0
2	623	7.518231287935621e-7
0	719	0.0
1	164	0.0
1	182	0.0
2	642	0.0
1	272	0.0
2	161	-3.51176219631286e-7
2	531	0.0
1	76	0.0
2	148	0.0
2	481	0.0
1	614	0.0
1	371	0.0
2	725	1.0854042375417963e-5
2	446	0.0
1	384	0.0
2	590	2.500564180590871e-6
1	234	0.0
0	453	0.0
1	238	0.0
0	445	0.0
0	298	0.0
2	512	0.0
2	294	0.0
2	344	0.0
2	346	-8.367743964262946e-7
1	648	0.0
0	28	-8.367743964262946e-7
1	30	0.0
0	109	0.0
1	170	0.0
1	501	0.0
2	594	-8.367743964262946e-7
1	724	7.518231287935621e-7
0	65	0.0
2	437	0.0
2	181	0.0
1	568	0.0
0	227	0.0
1	204	0.0
1	110	0.0
1	235	-3.51176219631286e-7
1	413	0.0
1	355	0.0
1	402	0.0
2	737	0.0
1	541	0.0
0	218	0.0
2	626	2.500564180590871e-6
0	641	0.0
0	706	0.0
2	536	0.0
0	647	0.0
1	107	-8.367743964262946e-7
2	617	1.0854042375417963e-5
0	149	0.0
0	701	0.0
1	188	-6.734812831082934e-6
2	674	0.0
0	0	0.0068965837588180695
0	213	0.0
0	187	6.734812831082934e-6
1	256	0.0
2	286	0.0
0	713	0.0
1	173	0.0
1	97	0.0
2	393	0.0
1	655	0.0
0	557	0.0
1	555	0.0
0	459	0.0
1	138	0.0
1	644	0.0
0	611	0.0
0	613	0.0
2	530	0.0
2	492	0.0
2	53	-3.51176219631286e-7
0	546	0.0
2	373	0.0
0	704	0.0
0	200	8.367743964262946e-7
0	758	0.0
1	135	8.367743964262946e-7
0	352	0.0
0	257	0.0
1	618	0.0
1	246	0.0
0	175	0.0
0	144	-1.1798121397845769e-5
2	563	0.0
1	450	0.0
1	477	0.0
1	91	1.0854042375417963e-5
2	556	0.0
1	278	0.0
1	141	0.0
2	439	0.0
2	282	0.0
0	307	0.0
2	449	0.0
2	156	0.0
1	374	0.0
2	418	0.0
1	742	7.518231287935621e-7
1	462	0.0
1	63	0.0
0	221	0.0
2	570	0.0
2	45	-6.734812831082934e-6
2	747	0.0
1	520	0.0
2	748	0.0
1	756	0.0
2	126	0.0
2	441	0.0
2	443	0.0
0	561	0.0
2	131	0.0
0	326	0.0
1	656	0.0
1	754	0.0
1	729	0.0
2	731	-0.0009103822355967364
2	39	0.0
0	117	0.0
0	136	8.367743964262946e-7
2	581	1.0854042375417963e-5
2	646	0.0
2	396	0.0
1	210	0.0
0	495	0.0
0	38	0.0
2	539	2.159146969647598e-6
2	5	4.093771183120853e-5
0	703	0.0
0	119	0.0
2	43	0.0
2	631	-6.734812831082934e-6
2	302	0.0
0	70	0.0
2	142	0.0
0	265	0.0
1	280	0.0
0	350	0.0
2	416	0.0
2	165	6.734812831082934e-6
0	519	0.0
2	527	0.0
0	128	0.0
0	55	6.734812831082934e-6
2	482	0.0
2	254	0.0
1	559	0.0
1	598	7.518231287935621e-7
0	225	0.0
1	66	0.0
1	101	0.0
1	360	0.0
1	510	0.0
0	11	0.0
0	69	0.0
1	463	0.0
2	632	7.518231287935621e-7
2	503	0.0
0	309	0.0
1	627	0.0
0	283	0.0
0	94	0.0
1	423	0.0
2	664	0.0
2	693	0.0
1	517	0.0
1	700	0.0
0	452	0.0
0	709	0.0
2	677	0.0
0	113	0.0
2	49	0.0
1	586	-0.0009103822355967364
0	522	0.0
1	159	-8.367743964262946e-7
2	289	0.0
0	400	0.0
2	640	0.0
1	695	0.0
2	160	0.0
2	33	0.0
2	104	0.0
0	328	0.0
2	524	0.0
1	576	0.0
1	303	0.0
2	591	0.0
0	630	7.518231287935621e-7
1	607	-3.51176219631286e-7
0	291	0.0
1	683	8.367743964262946e-7
2	270	0.0
2	405	0.0
2	455	0.0
2	13	0.0
1	718	0.0
1	111	0.0
1	29	0.0
1	75	0.0
2	237	0.0
2	529	0.0
0	255	0.0
2	139	0.0
1	334	0.0
2	427	0.0
2	202	8.367743964262946e-7
0	507	0.0
0	4	-0.000951319947427945
0	359	0.0
0	288	0.0
2	248	0.0
0	442	0.0
2	589	0.0
2	317	0.0
1	461	0.0
0	652	0.0
2	87	0.0
2	435	0.0
0	696	0.0
1	31	-3.51176219631286e-7
2	1	0.0
2	137	-3.51176219631286e-7
1	266	0.0
0	391	0.0
1	44	0.0
0	629	0.0
1	479	0.0
2	184	0.0
0	605	0.0
0	509	0.0
1	583	4.093771183120853e-5
0	140	0.0
2	532	0.0
0	132	0.0
1	602	0.0
0	267	0.0
0	22	6.734812831082934e-6
1	19	-3.51176219631286e-7
0	42	-0.0009103822355967364
2	153	0.0
2	318	0.0
0	167	6.734812831082934e-6
0	609	0.0
2	560	0.0
1	364	0.0
1	431	0.0
1	386	0.0
1	168	0.0
2	219	0.0
1	491	0.0
1	544	0.0
1	287	0.0
0	470	0.0
1	554	0.0
0	564	0.0
2	663	0.0
2	321	0.0
1	593	0.0
2	6	-0.000951319947427945
0	164	0.0
1	341	-6.734812831082934e-6
1	688	0.0
0	182	0.0
0	272	0.0
1	665	0.0
0	76	0.0
1	99	-8.367743964262946e-7
0	614	3.3501087084819835e-6
1	201	0.0
0	371	0.0
1	612	0.0
0	384	0.0
0	234	-7.225142082252109e-8
2	385	0.0
1	83	0.0
0	238	0.0
1	404	0.0
2	247	0.0
2	381	0.0
2	710	0.0
1	476	0.0
1	8	0.0
1	296	0.0
0	648	0.0
1	680	0.0
0	30	2.159146969647598e-6
0	724	-3.367406415541467e-6
0	170	0.0
0	501	0.0
2	276	0.0
2	538	8.367743964262946e-7
0	568	0.0
0	204	2.500564180590871e-6
0	110	0.0
0	235	0.0
0	413	0.0
0	355	0.0
2	596	-7.225142082252109e-8
2	615	6.734812831082934e-6
1	545	0.0
1	215	0.0
0	402	0.0
0	541	0.0
1	67	0.0
1	323	0.0
0	107	0.0
2	222	0.0
2	15	0.0
0	188	-3.367406415541467e-6
1	25	0.0
1	7	4.093771183120853e-5
2	58	8.367743964262946e-7
1	95	0.0
0	256	0.0
1	209	0.0
1	734	0.0
2	122	0.0
2	578	7.028108259580925e-5
1	727	1.0854042375417963e-5
0	173	0.0
0	97	0.0
1	308	0.0
0	655	0.0
1	220	0.0
2	483	0.0
1	401	0.0
1	60	3.3501087084819835e-6
0	138	0.0
0	555	0.0
0	644	0.0
2	682	8.367743964262946e-7
2	388	0.0
1	425	0.0
1	429	0.0
2	274	0.0
2	62	-8.495445278911125e-7
2	205	0.0
2	327	0.0
2	668	7.518231287935621e-7
1	56	6.734812831082934e-6
2	606	8.367743964262946e-7
1	383	0.0
1	36	0.0
0	135	-7.225142082252109e-8
1	623	-3.367406415541467e-6
2	659	0.0
0	618	-0.0009103822355967364
0	246	0.0
1	642	0.0
2	54	3.367406415541467e-6
1	161	0.0
0	450	0.0
1	148	-0.0009103822355967364
0	91	-6.734812831082934e-6
2	195	6.734812831082934e-6
0	477	0.0
1	481	0.0
2	166	-3.367406415541467e-6
0	278	0.0
1	531	0.0
0	141	0.0
2	585	0.0
2	639	0.0
1	446	0.0
1	590	0.0
2	230	2.500564180590871e-6
0	374	0.0
2	698	0.0
1	725	6.734812831082934e-6
2	736	0.0
0	462	0.0
0	63	0.0
0	742	-6.734812831082934e-6
2	505	0.0
2	100	0.0
1	512	0.0
0	520	0.0
1	294	0.0
2	468	0.0
0	756	0.0
0	656	0.0
2	705	0.0
2	752	0.0
0	754	0.0
1	344	0.0
1	346	-7.225142082252109e-8
2	324	0.0
2	343	0.0
2	421	0.0
1	594	0.0
0	729	4.093771183120853e-5
2	755	0.0
1	437	0.0
1	181	2.500564180590871e-6
2	336	0.0
2	408	0.0
2	399	0.0
0	210	0.0
2	196	6.734812831082934e-6
2	105	0.0
2	233	1.0854042375417963e-5
1	737	0.0
1	626	-3.3501087084819835e-6
1	536	0.0
1	617	-6.734812831082934e-6
1	674	0.0
2	197	1.0854042375417963e-5
2	339	6.734812831082934e-6
0	280	0.0
1	286	0.0
0	559	0.0
1	393	0.0
0	598	6.734812831082934e-6
2	757	0.0
0	510	0.0
0	66	0.0
0	101	0.0
0	360	0.0
2	666	3.367406415541467e-6
0	463	0.0
2	720	0.0
2	671	0.0
1	530	0.0
2	125	0.0
1	492	0.0
2	130	0.0
1	53	0.0
1	373	0.0
2	574	0.0
0	627	0.0
2	305	0.0
0	423	0.0
2	580	-6.734812831082934e-6
2	123	0.0
0	700	0.0
2	228	-3.3501087084819835e-6
0	517	0.0
2	597	-6.734812831082934e-6
2	68	0.0
2	608	-7.225142082252109e-8
1	563	0.0
1	556	0.0
2	41	4.093771183120853e-5
2	592	0.0
2	264	0.0
1	439	0.0
0	586	0.0
0	159	2.159146969647598e-6
1	282	0.0
0	695	0.0
1	449	0.0
2	23	7.518231287935621e-7
1	156	-3.3501087084819835e-6
1	418	0.0
2	669	0.0
2	715	0.0
0	576	-1.1798121397845769e-5
1	747	0.0
1	570	0.0
1	45	-6.734812831082934e-6
0	303	0.0
1	748	0.0
0	607	0.0
0	683	0.0
1	126	0.0
1	441	0.0
2	403	0.0
2	430	0.0
1	131	0.0
1	443	0.0
2	74	0.0
0	718	0.0
2	465	0.0
0	111	0.0
2	489	0.0
0	29	0.0
1	731	-0.000951319947427945
1	39	0.000951319947427945
0	75	0.0
2	357	0.0
2	712	0.0
1	646	0.0
1	581	-6.734812831082934e-6
1	396	0.0
2	543	0.0
0	334	0.0
2	651	0.0
2	548	0.0
0	461	0.0
2	518	0.0
2	733	0.0
0	31	0.0
1	539	8.367743964262946e-7
1	5	0.0
0	266	0.0
0	44	0.000951319947427945
2	207	0.0
0	479	0.0
1	43	4.093771183120853e-5
1	631	1.0854042375417963e-5
1	302	0.0
1	142	0.0
2	86	-8.495445278911125e-7
1	416	0.0
0	583	0.0
0	602	0.0
1	632	-6.734812831082934e-6
1	165	-6.734812831082934e-6
1	527	0.0
2	622	-3.367406415541467e-6
2	14	-1.1798121397845769e-5
0	19	0.0
1	482	0.0
1	254	0.0
2	584	-0.0009103822355967364
2	370	0.0
2	601	0.0
2	16	0.0
2	392	2.159146969647598e-6
0	364	0.0
0	431	0.0
0	386	0.0
0	168	0.0
2	738	0.0
0	491	0.0
1	503	0.0
0	287	0.0
0	544	0.0
2	157	0.0
2	190	-3.367406415541467e-6
0	554	0.0
2	582	0.000951319947427945
0	593	0.0
0	688	0.0
0	341	6.734812831082934e-6
1	664	0.0
1	693	0.0
0	665	0.0
0	99	-7.225142082252109e-8
1	677	0.0
0	201	-3.51176219631286e-7
2	735	0.0
0	612	2.500564180590871e-6
2	112	0.0
1	49	7.028108259580925e-5
1	640	0.0
1	289	0.0
0	83	0.0
2	115	0.0
1	160	-7.225142082252109e-8
1	33	0.0
1	104	0.0
2	251	0.0
0	404	0.0
1	524	0.0
1	591	0.0
2	73	0.0
0	476	0.0
0	8	-0.000951319947427945
2	673	0.0
1	270	0.0
0	296	0.0
0	680	0.0
1	405	0.0
1	455	0.0
2	649	0.0
1	13	-1.1798121397845769e-5
2	236	2.159146969647598e-6
1	237	0.0
1	529	0.0
0	545	0.0
1	139	0.0
0	215	0.0
1	427	-3.51176219631286e-7
1	202	-7.225142082252109e-8
0	67	0.0
1	589	-8.495445278911125e-7
0	323	0.0
1	248	0.0
2	751	0.0
1	317	0.0
2	241	3.3501087084819835e-6
2	553	0.0
1	87	-8.367743964262946e-7
1	435	0.0
1	1	0.0068965837588180695
0	25	0.0
1	137	0.0
0	7	0.0
0	95	0.0
2	645	0.0
0	734	0.0
0	209	0.0
1	184	-0.0009103822355967364
0	727	-6.734812831082934e-6
2	451	0.0
1	532	0.0
0	308	0.0
2	469	0.0
2	499	0.0
0	220	0.0
1	153	0.0
0	60	2.500564180590871e-6
1	318	0.0
0	401	0.0
2	534	0.0
2	466	0.0
0	425	0.0
0	429	0.0
1	560	0.0
1	663	0.0
1	219	0.0
0	56	3.367406415541467e-6
2	293	0.0
0	383	0.0
0	36	7.028108259580925e-5
0	623	6.734812831082934e-6
1	321	0.0
1	6	0.0
0	642	0.0
2	662	0.0
0	161	0.0
0	531	0.0
0	148	0.000951319947427945
0	481	0.0
0	725	-6.734812831082934e-6
2	766	3.367406415541467e-6
0	446	0.0
0	590	-3.3501087084819835e-6
2	176	0.0
1	385	0.0
2	155	-0.0009103822355967364
0	512	0.0
1	247	0.0
0	294	0.0
2	329	0.0
1	381	0.0
2	472	0.0
1	710	0.0
2	340	-6.734812831082934e-6
0	344	0.0
0	346	0.0
0	594	2.159146969647598e-6
2	306	0.0
0	437	0.0
0	181	3.3501087084819835e-6
1	276	0.0
1	538	-7.225142082252109e-8
2	378	0.0
2	178	0.0
2	387	0.0
2	363	0.0
1	596	0.0
1	615	-3.367406415541467e-6
0	737	0.0
0	626	0.0
2	484	0.0
0	536	0.0
0	617	6.734812831082934e-6
1	222	0.0
1	15	8.367743964262946e-7
0	674	0.0
2	407	0.0
1	58	2.159146969647598e-6
2	47	7.518231287935621e-7
2	362	0.0
1	122	0.0
0	286	0.0
1	578	0.0
2	745	0.0
0	393	-3.51176219631286e-7
2	744	0.0
2	261	0.0
1	483	0.0
2	760	6.734812831082934e-6
1	682	2.159146969647598e-6
2	10	-0.000951319947427945
2	533	0.0
1	388	0.0
2	275	0.0
2	337	-3.3501087084819835e-6
1	274	0.0
1	62	0.0
1	205	-8.495445278911125e-7
1	327	0.0
0	53	0.0
0	492	0.0
0	530	0.0
0	373	0.0
1	606	0.0
1	668	-6.734812831082934e-6
2	702	0.0
1	659	0.0
1	54	6.734812831082934e-6
2	643	0.0
2	192	0.0
0	563	0.0
1	585	0.0
1	195	3.367406415541467e-6
0	556	0.0
1	166	7.518231287935621e-7
1	639	0.0
0	439	0.0
0	282	0.0
1	698	0.0
1	230	0.0
0	156	2.500564180590871e-6
2	440	0.0
0	418	0.0
0	449	0.0
1	736	0.0
2	406	0.0
0	747	0.0
1	505	0.0
0	45	1.0854042375417963e-5
1	100	2.159146969647598e-6
0	570	0.0
1	468	0.0
0	748	0.0
2	21	6.734812831082934e-6
0	126	0.0
0	441	0.0
0	443	0.0
1	705	0.0
0	131	0.0
1	752	0.0
2	379	0.0
1	324	0.0
1	343	0.0
2	85	0.0
2	259	0.0
1	421	0.0
2	487	0.0
2	102	0.0
2	114	0.0
2	624	0.0
0	39	-0.0009103822355967364
2	600	0.0
1	336	0.0
0	731	0.0
1	755	0.0
0	646	0.0
1	408	0.0
0	581	-6.734812831082934e-6
1	399	0.0
0	396	0.0
1	196	7.518231287935621e-7
1	105	0.0
1	233	6.734812831082934e-6
2	599	7.518231287935621e-7
2	356	0.0
0	539	0.0
0	5	0.0
1	197	6.734812831082934e-6
1	339	-3.367406415541467e-6
0	43	0.0
0	631	6.734812831082934e-6
2	369	0.0
2	106	-8.367743964262946e-7
0	302	0.0
0	142	0.0
0	416	0.0
2	432	0.0
2	515	0.0
2	746	0.0
2	231	-6.734812831082934e-6
2	52	0.0
0	165	1.0854042375417963e-5
2	179	0.0
0	482	0.0
0	527	0.0
0	632	-3.367406415541467e-6
0	254	0.0
1	757	0.0
1	666	-6.734812831082934e-6
1	720	0.0
2	316	0.0
2	456	0.0
2	516	0.0
1	125	0.0
1	671	0.0
0	503	0.0
1	130	0.0
2	573	0.0
2	658	0.0
1	574	0.0
1	305	0.0
1	580	7.518231287935621e-7
1	123	0.0
2	345	0.0
1	228	0.0
1	597	6.734812831082934e-6
0	664	0.0
0	693	0.0
2	299	0.0
1	68	0.0
1	608	0.0
2	354	0.0
0	677	0.0
1	592	0.0
1	41	0.0
1	264	0.0
0	49	0.0
0	640	0.0
0	289	0.0
2	572	0.0
2	588	-3.3501087084819835e-6
1	23	3.367406415541467e-6
1	669	0.0
0	160	-8.367743964262946e-7
0	33	0.0
0	104	0.0
0	524	0.0
0	591	0.0
2	604	0.0
1	715	0.0
0	270	0.0
1	403	0.0
1	430	0.0
0	405	0.0
0	455	0.0
2	90	-3.367406415541467e-6
0	13	0.0
1	74	0.0
2	313	0.0
2	458	0.0
1	465	0.0
1	489	0.0
2	717	0.0
2	301	0.0
1	357	0.0
0	237	0.0
0	529	0.0
1	712	0.0
2	547	0.0
2	194	7.028108259580925e-5
2	252	0.0
2	579	-6.734812831082934e-6
0	139	0.0
1	543	0.0
0	427	0.0
0	202	0.0
1	651	0.0
1	548	0.0
0	589	0.0
2	728	7.518231287935621e-7
0	248	0.0
2	186	-3.367406415541467e-6
2	243	0.0
2	72	0.0
2	258	0.0
2	50	-1.1798121397845769e-5
0	87	-7.225142082252109e-8
0	317	0.0
2	34	0.0
2	133	0.0
0	1	0.0
0	137	0.0
0	435	0.0
1	518	0.0
1	733	0.0
1	207	0.0
2	367	0.0
2	764	7.518231287935621e-7
0	184	-0.000951319947427945
2	78	0.0
1	86	0.0
0	532	0.0
0	153	4.093771183120853e-5
1	14	0.0
0	318	0.0
1	622	7.518231287935621e-7
2	650	0.0
1	584	0.0
1	370	0.0
1	601	0.0
2	750	0.0
1	16	-7.225142082252109e-8
1	392	0.0
0	560	0.0
2	549	0.0
1	738	0.0
2	419	0.0
0	219	0.0
2	129	0.0
0	663	0.0
1	157	2.500564180590871e-6
1	190	7.518231287935621e-7
2	377	1.0854042375417963e-5
1	582	0.0
0	321	0.0
2	397	0.0
0	6	-0.0009103822355967364
2	723	-6.734812831082934e-6
2	511	0.0
2	475	0.0
2	619	0.0
2	57	0.0
1	735	0.0
2	684	0.0
2	295	0.0
1	112	0.0
0	385	0.0
1	115	0.0
2	697	0.0
0	247	0.0
1	251	0.0
0	381	0.0
2	277	0.0
0	710	0.0
1	73	0.0
2	284	0.0
1	673	0.0
1	649	0.0
2	330	0.0
0	276	0.0
0	538	0.0
2	434	0.0
1	236	0.0
2	508	0.0
0	596	-8.367743964262946e-7
2	389	0.0
0	615	7.518231287935621e-7
2	667	-6.734812831082934e-6
2	143	0.0
1	751	0.0
1	553	0.0
1	241	2.500564180590871e-6
0	222	0.0
0	15	2.159146969647598e-6
2	490	0.0
0	58	0.0
1	645	0.0
2	244	0.0
0	122	0.0
0	578	0.0
1	451	0.0
1	469	0.0
1	499	0.0
0	483	0.0
2	51	0.0
1	534	0.0
0	682	0.0
1	466	0.0
0	388	0.0
2	767	7.518231287935621e-7
2	80	0.0
2	331	0.0
0	274	0.0
0	62	0.0
0	205	0.0
0	327	0.0
0	668	3.367406415541467e-6
1	293	0.0
0	606	2.159146969647598e-6
2	198	8.367743964262946e-7
2	678	0.0
0	659	0.0
