13	66	0.0
13	101	0.0
0	54	0.0
2	151	0.0
2	127	0.0029110335179569624
12	156	0.0
0	166	0.0
12	45	-0.0014555167589769189
1	176	0.0
2	26	0.0
14	48	0.0
0	100	-0.002911033517956962
1	155	0.0
12	126	0.0
12	131	0.0
14	150	0.0
13	159	-0.0029110335179569624
12	39	0.0
1	178	0.0
2	71	0.0
14	191	0.0
0	105	0.0
13	111	-0.0029110335179569624
12	5	0.059199014395011455
13	29	0.0
14	89	0.0
12	43	0.0029110335179569624
13	75	0.0
12	142	0.0
14	79	0.0
12	165	0.0
1	47	0.0
14	116	-0.0014555167589769189
2	82	-0.002911033517956962
13	31	0.0
1	10	-0.0014555167589769189
13	44	0.002911033517956962
14	17	-0.0014555167589769189
0	125	0.0
0	130	0.0
13	19	0.005822067035926722
0	123	0.0
14	59	0.0
2	61	0.0
0	68	0.0
2	174	0.0
12	49	0.0
14	103	0.0
13	168	0.0
0	41	0.0
2	12	-0.059199014395011455
12	160	0.002911033517956962
12	33	0.0
12	104	0.0
0	23	0.0
14	172	0.0
14	32	0.0
13	99	0.0
1	21	0.0
12	13	0.0
14	77	0.0
0	74	0.0
13	83	0.0
1	85	0.0
1	102	-0.002911033517956962
1	114	0.0
12	139	-0.0029110335179569624
13	8	0.059199014395011455
12	87	0.0
12	1	-0.059199014395011455
12	137	0.0
12	184	0.0
2	121	0.0
1	106	0.0
12	153	0.0
0	86	0.0
13	67	0.0
1	52	-0.0014555167589769189
1	179	0.0
0	14	-0.059199014395011455
13	25	0.0
13	7	-0.0940942676882691
13	95	-0.0029110335179569624
0	16	0.0
14	177	0.0
2	37	0.0
14	146	0.0
2	18	0.0
12	6	-0.0940942676882691
0	157	0.0
0	190	0.0
13	60	0.0
2	93	0.059199014395011455
14	183	0.0
13	56	0.0
13	36	0.0
0	112	0.0
0	115	0.0
13	161	-0.001455516758973645
13	148	0.0
0	73	0.0
2	88	0.0
1	90	0.0
2	162	0.0
2	118	0.0
2	35	0.005822067035926722
14	147	0.0
12	15	0.005822067035926722
1	186	0.0
1	72	0.0
12	58	0.0
1	50	0.0
13	181	0.0
1	34	-0.0014555167589769189
1	133	0.0
14	24	0.0
2	92	0.0
12	122	0.0
14	185	0.0
1	78	0.0
12	62	0.0
1	129	0.0
2	189	0.0
14	120	0.0
2	9	0.002911033517956962
12	54	0.0
2	158	0.0
14	84	0.0
12	166	0.0
13	53	0.0
1	57	0.001455516758973645
12	100	0.0
0	176	0.0
2	96	0.0
0	155	0.0
2	3	-0.0029110335179569624
2	20	0.0
2	81	-0.002911033517956962
13	156	0.0
13	45	0.001455516758973645
0	178	0.0
12	105	0.0
14	28	0.0
14	109	0.0
13	126	0.0
13	131	0.0
14	65	-0.0014555167589769189
1	143	0.0
13	39	0.0
2	27	0.0
2	2	0.36473293668118484
2	124	0.0
0	47	0.0
14	149	0.0
14	0	-0.059199014395011455
1	51	-0.0029110335179569624
14	187	0.0
0	10	-0.001455516758973645
13	5	-0.059199014395011455
12	125	0.0
12	130	0.0
2	145	0.0
1	80	0.0
13	43	0.005822067035926722
13	142	0.0
2	108	0.0
12	123	0.0
13	165	0.0
12	68	0.0
2	163	0.0
12	41	0.0
1	151	0.0
1	127	0.005822067035926722
12	23	0.0029110335179569624
14	175	0.0
1	26	0.0
14	144	0.0
0	21	0.0
12	74	0.0
2	171	0.0
13	49	0.0
0	85	0.0
13	160	-0.0014555167589769189
13	33	0.0
0	102	-0.0014555167589769189
0	114	0.0
13	104	0.0
1	71	0.0
13	13	0.3647329366811849
14	117	0.0
14	136	0.0
2	40	0.0
12	86	0.0
13	139	0.005822067035926722
0	106	0.0
12	14	0.0
14	38	0.0
0	52	0.002911033517956962
0	179	0.0
12	16	-0.002911033517956962
1	82	-0.0014555167589769189
13	87	0.0
14	119	0.0
13	1	-0.0940942676882691
13	137	0.0
14	70	-0.002911033517956962
12	157	0.0
12	190	0.0
13	184	0.0
14	128	0.0
14	55	0.0
2	180	0.0
13	153	0.0
14	11	-0.0940942676882691
14	69	0.002911033517956962
1	61	0.0
12	112	0.002911033517956962
1	174	0.0
2	169	0.0
14	94	0.002911033517956962
1	12	-0.059199014395011455
12	115	-0.0029110335179569624
13	6	0.059199014395011455
12	73	0.0
2	154	0.0
14	113	-0.0014555167589769189
2	64	0.0
0	90	0.0
0	186	0.0
0	72	0.0
0	50	0.0
0	34	0.001455516758973645
0	133	0.0
14	4	-0.059199014395011455
1	121	0.0
0	78	0.0
13	15	0.0029110335179569624
13	58	0.0
2	152	0.0
14	140	-0.0014555167589769189
1	37	0.0
13	122	0.0
14	132	0.0
0	129	0.0
1	18	0.0
14	22	-0.002911033517956962
14	42	0.001455516758973645
2	98	0.0
14	167	0.0
2	134	0.0
2	46	0.0
1	93	-0.059199014395011455
13	62	0.0
12	176	0.0
0	57	-0.0014555167589769189
14	164	0.0
14	182	0.0
12	155	0.0
14	76	0.0
13	54	0.0
13	166	0.0
2	48	0.0
1	88	0.0
1	162	0.0
12	178	0.0
2	150	0.0
13	100	0.0
1	118	0.0
14	30	0.0
14	170	0.0
1	35	0.0029110335179569624
0	143	0.0
14	110	0.0
2	191	0.0
12	47	0.0029110335179569624
1	92	0.0
13	105	0.0
2	89	0.0
14	107	0.0
12	10	-0.059199014395011455
14	188	0.0
0	51	0.005822067035926722
2	79	0.0
0	80	0.0
14	173	0.0
14	97	0.0
2	116	0.0
1	189	0.0
14	138	-0.001455516758973645
1	9	-0.001455516758973645
2	17	0.0
1	158	0.0
13	125	0.0
0	151	0.0
0	127	0.0029110335179569624
13	130	0.0
14	135	0.0
2	59	0.005822067035926722
0	26	0.0
13	123	0.0
12	21	-0.0014555167589769189
2	103	-0.0029110335179569624
1	96	0.0
13	68	0.0
14	91	0.0
1	3	-0.0029110335179569624
14	141	0.0
13	41	0.0
12	85	0.0
2	172	0.0
12	102	0.0
14	63	-0.0029110335179569624
12	114	-0.0014555167589769189
2	32	-0.0014555167589769189
1	20	0.0
1	81	-0.001455516758973645
13	23	0.0029110335179569624
2	77	0.0
0	71	0.0
13	74	0.0
12	106	0.0
1	27	0.0
1	2	0.0
1	124	0.0
12	52	0.0
12	179	0.0
0	82	-0.001455516758973645
1	145	0.0
13	86	0.0
1	108	0.0
14	66	0.0
14	101	0.0
13	14	0.0
2	177	0.0
2	146	0.0
1	163	0.0
13	16	-0.0014555167589769189
0	61	0.0
0	174	0.0
13	157	0.0
0	12	-0.0940942676882691
13	190	0.0
2	183	0.0
12	90	0.0
14	159	-0.0029110335179569624
1	171	0.0
13	112	-0.0014555167589769189
13	115	0.005822067035926722
13	73	0.0
14	111	0.0029110335179569624
12	186	0.0
12	72	0.0
14	29	0.0
12	50	0.0
12	34	0.0
12	133	0.0
14	75	0.0
1	40	0.0
12	78	0.0
2	147	0.0029110335179569624
0	121	0.0
14	31	0.0
2	185	0.0
2	24	0.0
14	44	-0.0014555167589769189
12	129	0.0
0	37	0.0
0	18	0.0
14	19	0.0029110335179569624
1	180	0.0
14	168	0.0
0	93	-0.0940942676882691
12	57	0.0
2	120	0.0
1	169	0.0
2	84	0.0
14	99	0.0
1	154	0.0
14	83	0.0
1	64	0.0
0	88	0.0
13	176	0.0
0	162	0.0
13	155	0.0
14	8	-0.0940942676882691
0	118	0.0
12	143	0.0
0	35	-0.0029110335179569624
2	28	0.0
2	109	0.0
13	178	0.0
0	92	0.0
2	65	0.0
14	67	0.0
12	51	0.0
14	25	0.0
12	80	0.0
14	7	0.059199014395011455
14	95	0.005822067035926722
1	152	0.0
2	149	-0.0014555167589769189
13	47	-0.0029110335179569624
2	0	0.0
0	189	0.0
14	60	0.0
2	187	0.0
1	98	0.0
0	9	-0.0014555167589769189
13	10	-0.0940942676882691
12	151	0.0
1	134	0.0
12	127	0.0
1	46	0.0
0	158	0.0
14	56	0.0
14	36	0.0
12	26	0.0
14	161	-0.0014555167589769189
14	148	0.0
0	96	0.0
0	3	0.005822067035926722
2	175	0.0
1	48	0.0
2	144	0.0
0	20	0.0
0	81	-0.0014555167589769189
12	71	-0.0029110335179569624
1	150	0.0
13	21	-0.001455516758973645
14	181	0.0
13	85	0.0
13	102	0.0
13	114	0.002911033517956962
1	191	0.0
0	27	0.0
0	2	0.0
0	124	0.0
2	117	0.0
12	82	0.0
2	136	0.0
1	89	0.0
1	79	0.0
0	145	0.0
2	38	0.0
1	116	0.0
13	106	0.0
0	108	0.0
2	119	0.0
13	52	0.0
13	179	0.0
2	70	0.0
12	61	0.0
12	174	0.0
1	17	0.0
0	163	0.0
2	128	-0.0014555167589769189
2	55	0.0
14	53	0.0
12	12	0.3647329366811849
2	11	0.005822067035926722
2	69	0.0
1	59	-0.0029110335179569624
1	103	0.005822067035926722
2	94	0.059199014395011455
0	171	0.0
14	156	0.0
1	172	0.0
1	32	-0.002911033517956962
14	45	-0.002911033517956962
2	113	0.0
1	77	0.0
14	126	0.0
14	131	0.0
13	90	0.0
14	39	0.0
12	121	0.0
0	40	0.0
13	186	0.0
14	5	-0.0940942676882691
13	72	0.0
13	50	0.0
2	4	-0.001455516758973645
13	34	0.0
12	37	0.0
14	43	-0.0029110335179569624
13	133	0.0
12	18	-0.0014555167589769189
14	142	0.0
14	165	0.0
13	78	0.0
0	180	0.0
12	93	-0.0014555167589769189
1	177	0.0
2	140	-0.0940942676882691
2	132	0.0
1	146	0.0
2	22	0.0
2	42	0.0
2	167	0.0
13	129	0.0
0	169	0.0
1	183	0.0
0	154	0.0
2	164	0.0
2	182	0.0
12	88	0.0
14	49	0.0
13	57	0.0
12	162	0.0
0	64	0.0
2	76	0.0
14	33	0.0
14	104	0.0
12	118	0.0
14	160	-0.001455516758973645
12	35	0.0
14	13	0.0
12	92	0.0
2	30	0.001455516758973645
2	170	0.0
14	139	-0.0029110335179569624
1	147	0.0029110335179569624
2	110	0.0
14	87	0.0
13	143	0.0
1	185	0.0
14	1	-0.059199014395011455
1	24	0.0
14	137	0.0
14	184	0.0
12	189	0.0
2	107	0.0
0	152	0.0
12	9	-0.0940942676882691
2	188	0.0
14	153	0.0
0	98	0.0
12	158	0.0
13	51	0.0
2	173	0.0
2	97	0.0
0	134	0.0
0	46	0.0
13	80	0.0
1	120	0.0
2	138	-0.05919901439501144
14	6	-0.059199014395011455
12	96	0.0
1	84	0.0
12	3	-0.0940942676882691
2	135	0.0
13	151	0.0
13	127	0.0
12	20	-0.001455516758973645
12	81	0.0
0	48	0.0
2	91	0.0
13	26	0.0
2	141	0.0
0	150	0.0
2	63	0.0
12	27	0.0
12	2	-0.059199014395011455
12	124	0.0
1	28	0.0
1	109	0.0
0	191	0.0
1	65	0.0
13	71	0.0029110335179569624
0	89	0.0
14	15	0.0029110335179569624
12	145	0.0
14	58	0.0
0	79	0.0
14	122	0.0
12	108	0.0
0	116	0.0
1	149	-0.001455516758973645
1	0	0.0
1	187	0.0
12	163	0.0
13	82	0.0
0	17	0.0
14	62	0.0
2	66	0.0
2	101	-0.0014555167589769189
0	59	0.0029110335179569624
14	54	0.0
0	103	0.0029110335179569624
13	61	0.0
12	171	0.0
14	166	0.0
13	174	0.0
1	175	0.0
13	12	0.0
0	172	0.0
1	144	0.0
0	32	0.001455516758973645
14	100	0.0
0	77	0.0
2	159	0.05919901439501144
12	40	0.0
2	111	0.0
2	29	0.0
14	105	0.0
2	75	0.0
1	117	0.0
1	136	0.0
1	38	0.0
13	121	0.0
12	180	0.0
2	31	0.0029110335179569624
2	44	0.0
1	119	0.0
1	70	0.0
0	177	0.0
14	125	0.0
0	146	0.0
2	19	0.0
1	55	0.0
1	128	-0.002911033517956962
13	37	0.0
14	130	0.0
12	169	0.0
13	18	-0.002911033517956962
1	11	-0.0029110335179569624
1	69	0.0
14	123	0.0
2	168	0.0
12	154	0.0
0	183	0.0
14	68	0.0
13	93	-0.001455516758973645
14	41	0.0
1	94	-0.0940942676882691
12	64	-0.002911033517956962
14	23	0.005822067035926722
2	99	-0.0029110335179569624
1	113	0.0
2	83	0.005822067035926722
14	74	0.0
13	88	0.0
2	8	-0.0014555167589769189
13	162	0.0
13	118	0.0
0	147	0.005822067035926722
13	35	0.0
0	185	0.0
0	24	0.0
12	152	0.0
1	4	-0.0014555167589769189
2	67	0.0
13	92	0.0
14	86	0.0
12	98	0.0
2	25	0.0
14	14	0.3647329366811849
2	7	-0.0029110335179569624
2	95	-0.0940942676882691
12	134	0.0
12	46	0.001455516758973645
14	16	-0.001455516758973645
1	140	0.05919901439501144
1	132	0.0
1	22	0.0
2	60	0.0
1	42	0.0
0	120	0.0
14	157	0.0
1	167	0.0
14	190	0.0
13	189	0.0
13	9	-0.059199014395011455
0	84	0.0
2	56	0.0
2	36	0.0
13	158	0.0
12	48	0.0
1	164	0.0
1	182	0.0
14	112	0.001455516758973645
14	115	0.0029110335179569624
2	161	-0.0940942676882691
1	76	0.0
2	148	-0.001455516758973645
12	150	0.0
14	73	0.0
13	96	0.0
13	3	0.059199014395011455
13	20	-0.002911033517956962
13	81	0.0
12	191	0.0
0	28	0.0
1	30	0.002911033517956962
0	109	0.0
1	170	0.0
0	65	0.0
12	89	0.0
2	181	0.0
1	110	0.0
12	79	0.0
12	116	0.001455516758973645
13	27	0.0
13	2	-0.059199014395011455
13	124	0.0
1	107	0.0
0	149	-0.002911033517956962
1	188	0.0
0	0	0.36473293668118484
0	187	0.0
12	17	-0.002911033517956962
1	173	0.0
1	97	0.0
13	145	0.0
1	138	0.05919901439501144
12	59	0.0
13	108	0.0
12	103	0.0
2	53	-0.0014555167589769189
13	163	0.0
1	135	0.0
12	172	0.0
12	32	0.0
0	175	0.0
14	176	0.0
0	144	0.0
12	77	0.0
1	91	0.0
14	155	0.0
1	141	0.0
2	156	0.0
1	63	0.0
2	45	0.0
13	171	0.0
2	126	-0.001455516758973645
14	178	0.0
2	131	0.0
2	39	0.0
0	117	0.0
0	136	0.0
13	40	0.0
14	47	0.005822067035926722
0	38	0.0
2	5	-0.0014555167589769189
12	177	0.0
0	119	0.0
2	43	0.0
14	10	0.059199014395011455
12	146	0.0
0	70	0.0
2	142	0.0
2	165	0.0
0	128	-0.001455516758973645
0	55	0.0
1	66	0.0
1	101	0.001455516758973645
0	11	-0.0029110335179569624
0	69	0.0
13	180	0.0
12	183	0.0
0	94	-0.059199014395011455
13	169	0.0
0	113	0.0
2	49	0.0
14	21	-0.002911033517956962
13	154	0.0
1	159	0.05919901439501144
2	160	-0.05919901439501144
2	33	0.002911033517956962
2	104	-0.0014555167589769189
14	85	0.0
13	64	-0.0014555167589769189
14	102	0.0
14	114	0.001455516758973645
12	147	0.0
2	13	-0.059199014395011455
1	111	0.0
1	29	0.0
12	185	0.0
1	75	0.0
12	24	0.0
2	139	0.05919901439501144
0	4	0.002911033517956962
14	106	0.0
2	87	0.0
1	31	0.005822067035926722
2	1	0.0
2	137	0.0
14	52	0.0
14	179	0.0
1	44	0.0
2	184	0.0
12	120	0.0
0	140	-0.05919901439501144
0	132	0.0
0	22	0.0
1	19	0.0
0	42	0.0
2	153	0.0
13	152	0.0
0	167	0.0
12	84	0.0
13	98	0.0
1	168	0.0
13	134	0.0
13	46	-0.0014555167589769189
2	6	-0.001455516758973645
0	164	0.0
0	182	0.0
0	76	0.0
1	99	0.0029110335179569624
1	83	0.0029110335179569624
14	90	0.0
13	48	0.0
12	28	0.0
12	109	0.0
1	8	0.002911033517956962
12	65	0.002911033517956962
13	150	0.0
0	30	-0.0014555167589769189
0	170	0.0
0	110	0.0
14	186	0.0
14	72	0.0
14	50	0.0
14	34	0.0
14	133	0.0
13	191	0.0
12	149	0.0
1	67	0.0
12	0	-0.0940942676882691
0	107	0.0
14	78	0.0
12	187	0.0
2	15	0.0
0	188	0.0
1	25	0.0
13	89	0.0
1	7	0.005822067035926722
2	58	0.002911033517956962
1	95	0.059199014395011455
2	122	0.0
13	79	0.0
0	173	0.0
0	97	0.0
14	129	0.0
1	60	0.0
0	138	-0.0940942676882691
13	116	-0.002911033517956962
2	62	0.0
1	56	0.0
13	17	-0.001455516758973645
1	36	0.0
0	135	0.0
12	175	0.0
14	57	0.0
12	144	0.0
2	54	0.0
13	59	0.0
1	161	-0.05919901439501144
1	148	-0.0014555167589769189
0	91	0.0
2	166	0.0
0	141	0.0
13	103	0.0
0	63	0.0
2	100	0.001455516758973645
13	172	0.0
13	32	0.0
13	77	0.0
12	117	0.0
12	136	0.0
1	181	0.0
14	143	0.0
12	38	0.0
2	105	0.0
12	119	0.0
12	70	0.001455516758973645
14	51	0.0
12	128	0.0
12	55	0.0
14	80	0.0
12	11	0.059199014395011455
12	69	-0.0014555167589769189
0	66	0.0
0	101	0.002911033517956962
2	125	0.0
13	177	0.0
2	130	0.0
1	53	0.001455516758973645
12	94	-0.001455516758973645
13	146	0.0
14	127	0.0
14	151	0.0
2	123	0.0
2	68	0.0
14	26	0.0
12	113	-0.002911033517956962
13	183	0.0
2	41	0.0
0	159	-0.0940942676882691
2	23	0.0
1	156	0.0
1	45	0.0
1	126	-0.002911033517956962
1	131	0.0
2	74	0.0
14	71	0.005822067035926722
0	111	0.0
0	29	0.0
1	39	0.0
0	75	0.0
12	4	0.059199014395011455
13	147	0.0
0	31	-0.0029110335179569624
1	5	-0.001455516758973645
14	82	0.0
0	44	0.0
12	140	-0.001455516758973645
12	132	0.0
1	43	0.0
13	24	0.0
13	185	0.0
12	22	-0.001455516758973645
1	142	0.0
2	86	0.0
12	42	-0.0014555167589769189
12	167	0.0
1	165	0.0
2	14	-0.0940942676882691
0	19	0.0
2	16	0.0
0	168	0.0
12	164	0.0
14	61	0.0
2	157	0.0
2	190	0.0
14	174	0.0
12	182	0.0
13	120	0.0
14	12	0.0
12	76	0.0
0	99	0.005822067035926722
13	84	0.0
2	112	0.0
1	49	0.0
0	83	0.0029110335179569624
2	115	0.0
1	160	-0.0940942676882691
1	33	0.001455516758973645
1	104	0.002911033517956962
2	73	0.0
12	30	0.0
0	8	-0.001455516758973645
12	170	0.0
1	13	-0.0940942676882691
12	110	0.0
1	139	-0.0940942676882691
13	28	0.0
12	107	0.0
13	109	0.0
14	121	0.0
0	67	0.0
12	188	0.0
13	65	0.001455516758973645
1	87	0.0
1	1	0.36473293668118484
0	25	0.0
1	137	0.0
0	7	-0.0029110335179569624
0	95	0.059199014395011455
12	97	0.0
12	173	0.0
1	184	0.0
12	138	-0.0014555167589769189
14	37	0.0
14	18	-0.001455516758973645
1	153	0.0
0	60	0.0
13	149	0.0
13	0	-0.059199014395011455
13	187	0.0
12	135	0.0
14	93	0.002911033517956962
0	56	0.0
0	36	0.0
1	6	0.002911033517956962
12	91	0.0
0	161	0.05919901439501144
12	141	0.0
0	148	-0.002911033517956962
12	63	0.005822067035926722
2	176	0.0
14	88	0.0
13	175	0.0
2	155	0.0
14	162	0.0
13	144	0.0
14	118	0.0
14	35	0.0
0	181	0.0
2	178	0.0
14	92	0.0
1	15	0.0
13	117	0.0
13	136	0.0
1	58	-0.0014555167589769189
2	47	0.0
1	122	0.0
12	66	0.0
12	101	0.0
13	38	0.0
14	189	0.0
2	10	0.002911033517956962
14	9	0.059199014395011455
13	119	0.0
1	62	0.0
13	70	-0.0014555167589769189
14	158	0.0
0	53	-0.002911033517956962
13	128	0.0
13	55	0.0
1	54	0.0
13	11	0.059199014395011455
13	69	0.001455516758973645
14	96	0.0
12	159	0.005822067035926722
1	166	0.0
14	3	0.059199014395011455
13	94	-0.0014555167589769189
0	156	0.0
14	20	-0.0014555167589769189
14	81	0.0
0	45	0.0
1	100	-0.0014555167589769189
2	21	0.0
0	126	-0.0014555167589769189
12	111	0.005822067035926722
13	113	0.001455516758973645
0	131	0.0
12	29	0.0
12	75	0.0
2	85	0.0
2	102	0.001455516758973645
2	114	0.0
0	39	0.0
14	27	0.0
14	2	-0.0940942676882691
14	124	0.0
1	105	0.0
12	31	0.0
12	44	0.001455516758973645
0	5	0.002911033517956962
0	43	0.0
2	106	0.0
12	19	0.0029110335179569624
0	142	0.0
14	145	0.0
13	4	-0.0940942676882691
2	52	0.001455516758973645
0	165	0.0
2	179	0.0
14	108	0.0
12	168	0.0
14	163	0.0
1	125	0.0
1	130	0.0
13	140	0.002911033517956962
13	132	0.0
13	22	-0.0014555167589769189
13	42	-0.002911033517956962
12	99	0.0
13	167	0.0
1	123	0.0
1	68	0.0
1	41	0.0
12	83	0.0
0	49	0.0
13	164	0.0
14	171	0.0
13	182	0.0
1	23	0.0
0	160	0.05919901439501144
0	33	-0.0014555167589769189
0	104	0.001455516758973645
12	8	-0.059199014395011455
13	76	0.0
2	90	0.0
0	13	-0.059199014395011455
1	74	0.0
12	67	0.0
14	40	0.0
0	139	0.05919901439501144
13	30	0.0
13	170	0.0
12	25	0.0
2	186	0.0
2	72	0.0
12	7	0.059199014395011455
2	50	0.0
0	87	0.0
12	95	-0.0029110335179569624
2	34	-0.002911033517956962
2	133	0.0
0	1	0.0
0	137	0.0
13	110	0.0
0	184	0.0
12	60	0.0
2	78	0.0
1	86	0.0
0	153	0.0
1	14	-0.059199014395011455
13	107	0.0
14	180	0.0
13	188	0.0
12	56	0.0
1	16	0.0
12	36	0.0
2	129	0.0
13	173	0.0
13	97	0.0
1	157	0.0
1	190	0.0
0	6	-0.0014555167589769189
13	138	0.002911033517956962
12	161	0.002911033517956962
14	169	0.0
12	148	0.0
14	154	0.0
2	57	-0.002911033517956962
13	135	0.0
1	112	0.0
1	115	0.0
14	64	0.001455516758973645
1	73	0.0
13	91	0.0
13	141	0.0
12	181	0.0
13	63	0.0029110335179569624
2	143	0.0
0	15	0.0
0	58	0.001455516758973645
0	122	0.0
14	152	0.0
2	51	0.0029110335179569624
14	98	0.0
12	53	0.0
2	80	0.0
14	134	0.0
0	62	0.0
14	46	0.002911033517956962
